Name,Symbol,Date,Open,High,Low,Close,Adj Close,Volume
Arcona USD,ARCONA-USD,2020-08-05,0.0147900003939867,0.0202040001749992,0.0146270003169775,0.016237000003457,0.016237000003457,3415
Arcona USD,ARCONA-USD,2020-08-06,0.016237000003457,0.01664499938488,0.0126689998432993,0.0144029995426535,0.0144029995426535,1433
Arcona USD,ARCONA-USD,2020-08-07,0.0144050000235438,0.0159430000931024,0.013485999777913,0.0140920002013444,0.0140920002013444,1458
Arcona USD,ARCONA-USD,2020-08-08,0.0141460001468658,0.0214719995856285,0.0139830000698566,0.0161760002374649,0.0161760002374649,3022
Arcona USD,ARCONA-USD,2020-08-09,0.0162170007824897,0.0189950000494718,0.0142019996419548,0.0149569995701313,0.0149569995701313,3578
Arcona USD,ARCONA-USD,2020-08-10,0.0149569995701313,0.0216349996626377,0.0138050001114606,0.0160290002822875,0.0160290002822875,4016
Arcona USD,ARCONA-USD,2020-08-11,0.0160259995609521,0.0176309999078512,0.0139349997043609,0.0151720000430941,0.0151720000430941,1074
Arcona USD,ARCONA-USD,2020-08-12,0.0151589997112751,0.0152289997786283,0.0122050000354647,0.0137780001387,0.0137780001387,1628
Arcona USD,ARCONA-USD,2020-08-13,0.0137820001691579,0.0177340004593133,0.0118789998814463,0.0151939997449517,0.0151939997449517,2945
Arcona USD,ARCONA-USD,2020-08-14,0.0151949999853968,0.0159799996763467,0.0150929996743798,0.0156939998269081,0.0156939998269081,19
Arcona USD,ARCONA-USD,2020-08-15,0.0157140009105205,0.0157459992915391,0.0129359997808933,0.0137889999896287,0.0137889999896287,1400
Arcona USD,ARCONA-USD,2020-08-16,0.0137999998405575,0.0144020002335309,0.0135779995471239,0.0144020002335309,0.0144020002335309,43
Arcona USD,ARCONA-USD,2020-08-17,0.0144020002335309,0.0159939993172884,0.0125350002199411,0.0140960002318024,0.0140960002318024,5059
Arcona USD,ARCONA-USD,2020-08-18,0.0141080003231763,0.019243000075221,0.0122039997950196,0.019243000075221,0.019243000075221,4101
Arcona USD,ARCONA-USD,2020-08-19,0.0192840006202459,0.0193900000303983,0.0120339998975396,0.0173220001161098,0.0173220001161098,9266
Arcona USD,ARCONA-USD,2020-08-20,0.0173220001161098,0.0205479990690946,0.0118469996377825,0.0152209997177124,0.0152209997177124,3744
Arcona USD,ARCONA-USD,2020-08-21,0.0152200004085898,0.0187110006809234,0.014929000288248,0.0165589991956949,0.0165589991956949,1257
Arcona USD,ARCONA-USD,2020-08-22,0.0165650006383657,0.0183780007064342,0.0139840003103017,0.0167570002377033,0.0167570002377033,2943
Arcona USD,ARCONA-USD,2020-08-23,0.0167559999972581,0.0204039998352527,0.0125609999522566,0.0173860006034374,0.0173860006034374,5572
Arcona USD,ARCONA-USD,2020-08-24,0.0173819996416568,0.0183339994400739,0.0136460000649094,0.014915999956429,0.014915999956429,3029
Arcona USD,ARCONA-USD,2020-08-25,0.0149170001968741,0.0182920005172491,0.0128790000453591,0.0142740001901984,0.0142740001901984,3411
Arcona USD,ARCONA-USD,2020-08-26,0.0142729999497532,0.0160339996218681,0.0123640000820159,0.0147409997880458,0.0147409997880458,2160
Arcona USD,ARCONA-USD,2020-08-27,0.0147259999066591,0.0203690007328987,0.0142810000106692,0.0148980002850294,0.0148980002850294,3819
Arcona USD,ARCONA-USD,2020-08-28,0.0148900002241134,0.0186519995331764,0.0131510002538561,0.0156689994037151,0.0156689994037151,2025
Arcona USD,ARCONA-USD,2020-08-29,0.0156679991632699,0.0170440003275871,0.0139290001243352,0.0144130000844597,0.0144130000844597,5057
Arcona USD,ARCONA-USD,2020-08-30,0.0144090000540018,0.0185669995844364,0.014305000193417,0.0169840008020401,0.0169840008020401,2413
Arcona USD,ARCONA-USD,2020-08-31,0.01698499917984,0.0200210008770227,0.0129239996895194,0.0175289995968341,0.0175289995968341,5242
Arcona USD,ARCONA-USD,2020-09-01,0.0175459999591112,0.0189219992607831,0.0149140004068613,0.0166180003434419,0.0166180003434419,2416
Arcona USD,ARCONA-USD,2020-09-02,0.0165570005774498,0.0181079991161823,0.0137889999896287,0.0163010004907846,0.0163010004907846,1003
Arcona USD,ARCONA-USD,2020-09-03,0.0163819994777441,0.0180229991674423,0.0141679998487234,0.0145450001582503,0.0145450001582503,1563
Arcona USD,ARCONA-USD,2020-09-04,0.0145910000428557,0.0185470003634691,0.0115320002660155,0.0138659998774528,0.0138659998774528,5493
Arcona USD,ARCONA-USD,2020-09-05,0.0138710001483559,0.0184630006551742,0.0138119999319314,0.0146420001983642,0.0146420001983642,2002
Arcona USD,ARCONA-USD,2020-09-06,0.0146249998360872,0.0149429999291896,0.0085370000451803,0.0138039998710155,0.0138039998710155,3849
Arcona USD,ARCONA-USD,2020-09-07,0.0138039998710155,0.0139049999415874,0.0109510002657771,0.0112539995461702,0.0112539995461702,2767
Arcona USD,ARCONA-USD,2020-09-08,0.0112549997866153,0.0116309998556971,0.0085429996252059,0.0088740000501275,0.0088740000501275,3559
Arcona USD,ARCONA-USD,2020-09-09,0.0088780000805854,0.011731999926269,0.0087900003418326,0.0109299998730421,0.0109299998730421,1360
Arcona USD,ARCONA-USD,2020-09-10,0.0109299998730421,0.0117549998685717,0.0109069999307394,0.0114200003445148,0.0114200003445148,902
Arcona USD,ARCONA-USD,2020-09-11,0.0114259999245405,0.0115139996632933,0.0110799996182322,0.0111619997769594,0.0111619997769594,0
Arcona USD,ARCONA-USD,2020-09-12,0.0111619997769594,0.0111619997769594,0.0111619997769594,0.0111619997769594,0.0111619997769594,0
Arcona USD,ARCONA-USD,2020-09-13,0.0111619997769594,0.0111619997769594,0.0111619997769594,0.0111619997769594,0.0111619997769594,0
Arcona USD,ARCONA-USD,2020-09-14,0.0111619997769594,0.0111619997769594,0.0111619997769594,0.0111619997769594,0.0111619997769594,0
Arcona USD,ARCONA-USD,2020-09-15,0.0111619997769594,0.0111619997769594,0.0111619997769594,0.0111619997769594,0.0111619997769594,0
Arcona USD,ARCONA-USD,2020-09-16,0.0111619997769594,0.0111619997769594,0.0111619997769594,0.0111619997769594,0.0111619997769594,0
Arcona USD,ARCONA-USD,2020-09-17,0.0111619997769594,0.0111619997769594,0.0111619997769594,0.0111619997769594,0.0111619997769594,0
Arcona USD,ARCONA-USD,2020-09-18,0.0111619997769594,0.0111619997769594,0.0111619997769594,0.0111619997769594,0.0111619997769594,0
Arcona USD,ARCONA-USD,2020-09-19,0.0111619997769594,0.0111619997769594,0.0111619997769594,0.0111619997769594,0.0111619997769594,0
Arcona USD,ARCONA-USD,2020-09-20,0.0111619997769594,0.0111619997769594,0.0111619997769594,0.0111619997769594,0.0111619997769594,0
Arcona USD,ARCONA-USD,2020-09-21,0.0111619997769594,0.0111619997769594,0.0111619997769594,0.0111619997769594,0.0111619997769594,0
Arcona USD,ARCONA-USD,2020-09-22,0.0111619997769594,0.0111619997769594,0.0111619997769594,0.0111619997769594,0.0111619997769594,0
Arcona USD,ARCONA-USD,2020-09-23,0.0105750001966953,0.0105879995971918,0.0100779999047517,0.0100830001756548,0.0100830001756548,0
Arcona USD,ARCONA-USD,2020-09-24,0.0100830001756548,0.020033000037074,0.0100560002028942,0.0183899998664855,0.0183899998664855,0
Arcona USD,ARCONA-USD,2020-09-25,0.0183899998664855,0.0194070003926754,0.0182499997317791,0.0192830003798007,0.0192830003798007,2507
Arcona USD,ARCONA-USD,2020-09-26,0.0192830003798007,0.0227290000766515,0.019260000437498,0.0226610004901886,0.0226610004901886,863
Arcona USD,ARCONA-USD,2020-09-27,0.0226610004901886,0.0229230001568794,0.0225300006568431,0.0226499997079372,0.0226499997079372,41
Arcona USD,ARCONA-USD,2020-09-28,0.0226499997079372,0.0264669992029666,0.0226499997079372,0.0231790002435445,0.0231790002435445,1563
Arcona USD,ARCONA-USD,2020-09-29,0.0231790002435445,0.02356499992311,0.0204930007457733,0.0217170007526874,0.0217170007526874,4465
Arcona USD,ARCONA-USD,2020-09-30,0.0217170007526874,0.0217889994382858,0.0214990004897117,0.0217889994382858,0.0217889994382858,0
Arcona USD,ARCONA-USD,2020-10-01,0.0217889994382858,0.0222539994865655,0.0213670004159212,0.0215399991720914,0.0215399991720914,0
Arcona USD,ARCONA-USD,2020-10-02,0.0215399991720914,0.0239889994263649,0.0183990001678466,0.0215460006147623,0.0215460006147623,4836
Arcona USD,ARCONA-USD,2020-10-03,0.0215460006147623,0.0216380003839731,0.0204639993607997,0.02046599984169,0.02046599984169,631
Arcona USD,ARCONA-USD,2020-10-04,0.02046599984169,0.020533999428153,0.0181290004402399,0.0189970005303621,0.0189970005303621,1943
Arcona USD,ARCONA-USD,2020-10-05,0.0189960002899169,0.0192559994757175,0.0185090005397796,0.0192269999533891,0.0192269999533891,1628
Arcona USD,ARCONA-USD,2020-10-06,0.0192269999533891,0.01991399936378,0.018733000382781,0.0190570000559091,0.0190570000559091,1054
Arcona USD,ARCONA-USD,2020-10-07,0.0190570000559091,0.0190570000559091,0.0183499995619058,0.0187229998409748,0.0187229998409748,449
Arcona USD,ARCONA-USD,2020-10-08,0.0187229998409748,0.018750999122858,0.0175359994173049,0.0175759997218847,0.0175759997218847,837
Arcona USD,ARCONA-USD,2020-10-09,0.0175759997218847,0.0219330005347728,0.0175650008022785,0.0213190000504255,0.0213190000504255,4379
Arcona USD,ARCONA-USD,2020-10-10,0.0213190000504255,0.0229509994387626,0.0213070008903741,0.0227049998939037,0.0227049998939037,649
Arcona USD,ARCONA-USD,2020-10-11,0.0227049998939037,0.0227129999548196,0.0217770002782344,0.0223680008202791,0.0223680008202791,689
Arcona USD,ARCONA-USD,2020-10-12,0.0223680008202791,0.022419000044465,0.0176580008119344,0.019455000758171,0.019455000758171,3316
Arcona USD,ARCONA-USD,2020-10-13,0.019455000758171,0.0204419996589422,0.0178830008953809,0.0180580001324415,0.0180580001324415,1856
Arcona USD,ARCONA-USD,2020-10-14,0.0180580001324415,0.0181930009275674,0.0162310004234313,0.01638999953866,0.01638999953866,888
Arcona USD,ARCONA-USD,2020-10-15,0.01638999953866,0.01643200032413,0.0150650003924965,0.0156490001827478,0.0156490001827478,1027
Arcona USD,ARCONA-USD,2020-10-16,0.0156490001827478,0.015804000198841,0.0141610000282526,0.014737999998033,0.014737999998033,2062
Arcona USD,ARCONA-USD,2020-10-17,0.014737999998033,0.0166379995644092,0.0144279999658465,0.0161910001188516,0.0161910001188516,2700
Arcona USD,ARCONA-USD,2020-10-18,0.0161910001188516,0.0165289994329214,0.0161649994552135,0.0164640005677938,0.0164640005677938,85
Arcona USD,ARCONA-USD,2020-10-19,0.0164640005677938,0.0164940003305673,0.0153430001810193,0.0154120000079274,0.0154120000079274,1449
Arcona USD,ARCONA-USD,2020-10-20,0.0154120000079274,0.0154309999197721,0.0144319999963045,0.0151930004358291,0.0151930004358291,818
Arcona USD,ARCONA-USD,2020-10-21,0.015192000195384,0.0157040003687143,0.0138389999046921,0.0138400001451373,0.0138400001451373,1664
Arcona USD,ARCONA-USD,2020-10-22,0.0138400001451373,0.0149550000205636,0.0135939996689558,0.0147700002416968,0.0147700002416968,514
Arcona USD,ARCONA-USD,2020-10-23,0.0147700002416968,0.0149149997159838,0.0144119998440146,0.0145870000123977,0.0145870000123977,0
Arcona USD,ARCONA-USD,2020-10-24,0.0145699996501207,0.014733999967575,0.0141599997878074,0.0142209995537996,0.0142209995537996,302
Arcona USD,ARCONA-USD,2020-10-25,0.0142249995842576,0.0170900002121925,0.0142120001837611,0.0166629999876022,0.0166629999876022,2363
Arcona USD,ARCONA-USD,2020-10-26,0.0166590008884668,0.017612000927329,0.0156280007213354,0.0158539991825819,0.0158539991825819,1050
Arcona USD,ARCONA-USD,2020-10-27,0.015854999423027,0.0159200001507997,0.0149900000542402,0.0150239998474717,0.0150239998474717,963
Arcona USD,ARCONA-USD,2020-10-28,0.0150260003283619,0.0151610001921653,0.0134589998051524,0.0145690003409981,0.0145690003409981,1080
Arcona USD,ARCONA-USD,2020-10-29,0.0145699996501207,0.0170150008052587,0.0136609999462962,0.0168619994074106,0.0168619994074106,2473
Arcona USD,ARCONA-USD,2020-10-30,0.0168609991669654,0.0170530006289482,0.0108190001919865,0.0146800000220537,0.0146800000220537,3601
Arcona USD,ARCONA-USD,2020-10-31,0.0146800000220537,0.014720999635756,0.0137970000505447,0.0139380004256963,0.0139380004256963,135
Arcona USD,ARCONA-USD,2020-11-01,0.013939999975264,0.0140239996835589,0.0120040001347661,0.0138029996305704,0.0138029996305704,862
Arcona USD,ARCONA-USD,2020-11-02,0.0138029996305704,0.0140629997476935,0.0106340004131197,0.0112209999933838,0.0112209999933838,992
Arcona USD,ARCONA-USD,2020-11-03,0.011222000233829,0.0121929999440908,0.0108880000188946,0.0115520004183053,0.0115520004183053,349
Arcona USD,ARCONA-USD,2020-11-04,0.0115520004183053,0.0121400002390146,0.0112509997561573,0.0112519999966025,0.0112519999966025,129
Arcona USD,ARCONA-USD,2020-11-05,0.0112519999966025,0.0117250001057982,0.0111659998074173,0.011642999947071,0.011642999947071,0
Arcona USD,ARCONA-USD,2020-11-06,0.0116419997066259,0.0133870001882314,0.0106399999931454,0.0115759996697306,0.0115759996697306,2717
Arcona USD,ARCONA-USD,2020-11-07,0.011579000391066,0.0118479998782277,0.0108890002593398,0.0110919997096061,0.0110919997096061,0
Arcona USD,ARCONA-USD,2020-11-08,0.0111050000414252,0.0117229996249079,0.0100450003519654,0.0116490004584193,0.0116490004584193,548
Arcona USD,ARCONA-USD,2020-11-09,0.0116499997675418,0.0124549996107816,0.0105539998039603,0.0107549997046589,0.0107549997046589,487
Arcona USD,ARCONA-USD,2020-11-10,0.0107540003955364,0.0112629998475313,0.0093019995838403,0.0105290003120899,0.0105290003120899,909
Arcona USD,ARCONA-USD,2020-11-11,0.0105240000411868,0.0131879998371005,0.0089149996638298,0.0100210001692175,0.0100210001692175,2076
Arcona USD,ARCONA-USD,2020-11-12,0.0100210001692175,0.0126029998064041,0.0098249996080994,0.011192999780178,0.011192999780178,823
Arcona USD,ARCONA-USD,2020-11-13,0.01118899974972,0.0122969998046755,0.0098360003903508,0.011629999615252,0.011629999615252,860
Arcona USD,ARCONA-USD,2020-11-14,0.0116360001266002,0.0121999997645616,0.0109090004116296,0.0111499996855854,0.0111499996855854,304
Arcona USD,ARCONA-USD,2020-11-15,0.0111509999260306,0.0111509999260306,0.0095889996737241,0.0104299997910857,0.0104299997910857,401
Arcona USD,ARCONA-USD,2020-11-16,0.0104310000315308,0.0104310000315308,0.0092599997296929,0.0095330001786351,0.0095330001786351,128
Arcona USD,ARCONA-USD,2020-11-17,0.0096810003742575,0.0102589996531605,0.0090159997344017,0.0097650000825524,0.0097650000825524,730
Arcona USD,ARCONA-USD,2020-11-18,0.0097610000520944,0.0120029998943209,0.008016999810934,0.0089710000902414,0.0089710000902414,1683
Arcona USD,ARCONA-USD,2020-11-19,0.0089720003306865,0.0111990002915263,0.008271999657154,0.0098559996113181,0.0098559996113181,985
Arcona USD,ARCONA-USD,2020-11-20,0.0098559996113181,0.0108949998393654,0.0091890003532171,0.0092380000278353,0.0092380000278353,545
Arcona USD,ARCONA-USD,2020-11-21,0.0092369997873902,0.0103590004146099,0.0091650001704692,0.0103590004146099,0.0103590004146099,67
Arcona USD,ARCONA-USD,2020-11-22,0.0103580001741647,0.0106849996373057,0.0099820001050829,0.010215999558568,0.010215999558568,160
Arcona USD,ARCONA-USD,2020-11-23,0.0102150002494454,0.0108880000188946,0.0084440000355243,0.0090490002185106,0.0090490002185106,512
Arcona USD,ARCONA-USD,2020-11-24,0.0090490002185106,0.0104890000075101,0.0081399995833635,0.0104259997606277,0.0104259997606277,1001
Arcona USD,ARCONA-USD,2020-11-25,0.0104259997606277,0.0118180001154541,0.0097899995744228,0.011374999769032,0.011374999769032,662
Arcona USD,ARCONA-USD,2020-11-26,0.011374999769032,0.0114860003814101,0.0081510003656148,0.0087019996717572,0.0087019996717572,473
Arcona USD,ARCONA-USD,2020-11-27,0.0087019996717572,0.0091359997168183,0.007426000200212,0.0085000004619359,0.0085000004619359,689
Arcona USD,ARCONA-USD,2020-11-28,0.0085000004619359,0.0103700002655386,0.0084490003064274,0.0097059998661279,0.0097059998661279,369
Arcona USD,ARCONA-USD,2020-11-29,0.0097059998661279,0.0103700002655386,0.009608999826014,0.0098700001835823,0.0098700001835823,91
Arcona USD,ARCONA-USD,2020-11-30,0.0098700001835823,0.0104099996387958,0.0096969995647668,0.0104099996387958,0.0104099996387958,31
Arcona USD,ARCONA-USD,2020-12-01,0.0104090003296732,0.0104339998215436,0.0081780003383755,0.0084790000692009,0.0084790000692009,975
Arcona USD,ARCONA-USD,2020-12-02,0.0084800003096461,0.0086869997903704,0.0083379996940493,0.0086209997534751,0.0086209997534751,0
Arcona USD,ARCONA-USD,2020-12-03,0.0086209997534751,0.0091300001367926,0.0072139999829232,0.0090749999508261,0.0090749999508261,616
Arcona USD,ARCONA-USD,2020-12-04,0.0090749999508261,0.0090870000422,0.008356999605894,0.0083919996395707,0.0083919996395707,0
Arcona USD,ARCONA-USD,2020-12-05,0.0083919996395707,0.008751000277698,0.0082900002598762,0.0087489997968077,0.0087489997968077,0
Arcona USD,ARCONA-USD,2020-12-06,0.0087489997968077,0.0090250000357627,0.0087209995836019,0.0089779999107122,0.0089779999107122,27
Arcona USD,ARCONA-USD,2020-12-07,0.0089779999107122,0.0093149999156594,0.0087139997631311,0.0092979995533823,0.0092979995533823,100
Arcona USD,ARCONA-USD,2020-12-08,0.0092979995533823,0.0102679999545216,0.009154999628663,0.0094119999557733,0.0094119999557733,404
Arcona USD,ARCONA-USD,2020-12-09,0.0094119999557733,0.0129540003836154,0.0090460004284977,0.0097470004111528,0.0097470004111528,1149
Arcona USD,ARCONA-USD,2020-12-10,0.0097479997202754,0.0097589995712041,0.0093179997056722,0.0095149995759129,0.0095149995759129,0
Arcona USD,ARCONA-USD,2020-12-11,0.0095140002667903,0.0101239997893571,0.0091019999235868,0.0099929999560117,0.0099929999560117,137
Arcona USD,ARCONA-USD,2020-12-12,0.0099929999560117,0.0125449998304247,0.0099680004641413,0.0124340001493692,0.0124340001493692,560
Arcona USD,ARCONA-USD,2020-12-13,0.0124340001493692,0.0135209998115897,0.0123539995402097,0.0134119996801018,0.0134119996801018,92
Arcona USD,ARCONA-USD,2020-12-14,0.0134119996801018,0.013426000252366,0.0102890003472566,0.0109789995476603,0.0109789995476603,654
Arcona USD,ARCONA-USD,2020-12-15,0.0109789995476603,0.0111530004069209,0.0099980002269148,0.0100969998165965,0.0100969998165965,190
Arcona USD,ARCONA-USD,2020-12-16,0.0100980000570416,0.010250000283122,0.0073819998651742,0.0087569998577237,0.0087569998577237,2864
Arcona USD,ARCONA-USD,2020-12-17,0.0087569998577237,0.0091949999332427,0.0082139996811747,0.0083760004490613,0.0083760004490613,94
Arcona USD,ARCONA-USD,2020-12-18,0.0083760004490613,0.0093599995598196,0.0081000002101063,0.0093599995598196,0.0093599995598196,283
Arcona USD,ARCONA-USD,2020-12-19,0.0093609998002648,0.0112810004502534,0.0092749996110796,0.0106229996308684,0.0106229996308684,450
Arcona USD,ARCONA-USD,2020-12-20,0.0106229996308684,0.0106229996308684,0.0078870002180337,0.0079129999503493,0.0079129999503493,640
Arcona USD,ARCONA-USD,2020-12-21,0.0079129999503493,0.0088670002296566,0.0077510001137852,0.0078880004584789,0.0078880004584789,412
Arcona USD,ARCONA-USD,2020-12-22,0.0078880004584789,0.0087940003722906,0.0075980001129209,0.008208000101149,0.008208000101149,1113
Arcona USD,ARCONA-USD,2020-12-23,0.0082090003415942,0.0082470001652836,0.0073069999925792,0.0074979998171329,0.0074979998171329,15
Arcona USD,ARCONA-USD,2020-12-24,0.007499000057578,0.0082369996234774,0.0068219997920095,0.008216000162065,0.008216000162065,299
Arcona USD,ARCONA-USD,2020-12-25,0.008216000162065,0.0116750001907348,0.0081329997628927,0.009626000188291,0.009626000188291,1247
Arcona USD,ARCONA-USD,2020-12-26,0.009626000188291,0.0097599998116493,0.0085039995610713,0.0086420001462101,0.0086420001462101,469
Arcona USD,ARCONA-USD,2020-12-27,0.0086420001462101,0.0096580004319548,0.0081399995833635,0.0082040000706911,0.0082040000706911,227
Arcona USD,ARCONA-USD,2020-12-28,0.0082040000706911,0.009689999744296,0.008190999738872,0.0088919997215271,0.0088919997215271,0
Arcona USD,ARCONA-USD,2020-12-29,0.0088950004428625,0.0089680003002285,0.0084290001541376,0.0087620001286268,0.0087620001286268,0
Arcona USD,ARCONA-USD,2020-12-30,0.0087609998881816,0.0116419997066259,0.0086319996044039,0.0116029996424913,0.0116029996424913,0
Arcona USD,ARCONA-USD,2020-12-31,0.0116029996424913,0.0117849996313452,0.0106520000845193,0.0108019998297095,0.0108019998297095,266
Arcona USD,ARCONA-USD,2021-01-01,0.0108019998297095,0.0119620002806186,0.0107260001823306,0.0110080000013113,0.0110080000013113,307
Arcona USD,ARCONA-USD,2021-01-02,0.0110080000013113,0.0117870001122355,0.0098200002685189,0.0102770002558827,0.0102770002558827,375
Arcona USD,ARCONA-USD,2021-01-03,0.0102779995650053,0.0126849999651312,0.0099280001595616,0.0123619996011257,0.0123619996011257,0
Arcona USD,ARCONA-USD,2021-01-04,0.0123610002920031,0.0144469998776912,0.0116079999133944,0.0131190000101923,0.0131190000101923,0
Arcona USD,ARCONA-USD,2021-01-05,0.0131179997697472,0.0141629995778203,0.0123910000547766,0.0139049999415874,0.0139049999415874,0
Arcona USD,ARCONA-USD,2021-01-06,0.0139110004529356,0.0152329998090863,0.0134100001305341,0.0147000001743435,0.0147000001743435,308
Arcona USD,ARCONA-USD,2021-01-07,0.0146989999338984,0.0168779995292425,0.0142909996211528,0.0165069997310638,0.0165069997310638,1338
Arcona USD,ARCONA-USD,2021-01-08,0.01651700027287,0.0188790000975132,0.0155739998444914,0.0156449992209672,0.0156449992209672,1073
Arcona USD,ARCONA-USD,2021-01-09,0.0156449992209672,0.0164260007441043,0.0148940002545714,0.015014000236988,0.015014000236988,315
Arcona USD,ARCONA-USD,2021-01-10,0.0150149995461106,0.0156929995864629,0.0139410002157092,0.0147649999707937,0.0147649999707937,0
Arcona USD,ARCONA-USD,2021-01-11,0.0147649999707937,0.0147900003939867,0.0108000002801418,0.0126940002664923,0.0126940002664923,0
Arcona USD,ARCONA-USD,2021-01-12,0.0126949995756149,0.0133750000968575,0.0118570001795887,0.0121520003303885,0.0121520003303885,0
Arcona USD,ARCONA-USD,2021-01-13,0.0121510000899434,0.013217999599874,0.011621999554336,0.0131559995934367,0.0131559995934367,0
Arcona USD,ARCONA-USD,2021-01-14,0.0131569998338818,0.0144699998199939,0.0127419997006654,0.0141850002110004,0.0141850002110004,0
Arcona USD,ARCONA-USD,2021-01-15,0.0141850002110004,0.0145969996228814,0.0128309996798634,0.0136519996449351,0.0136519996449351,0
Arcona USD,ARCONA-USD,2021-01-16,0.0136519996449351,0.0150269996374845,0.0135019998997449,0.0144250001758337,0.0144250001758337,0
Arcona USD,ARCONA-USD,2021-01-17,0.0144250001758337,0.014759000390768,0.0137040000408887,0.0143799996003508,0.0143799996003508,0
Arcona USD,ARCONA-USD,2021-01-18,0.0143799996003508,0.0146840000525116,0.0138819999992847,0.0146800000220537,0.0146800000220537,0
Arcona USD,ARCONA-USD,2021-01-19,0.0146789997816085,0.0167159996926784,0.0146580003201961,0.0161419995129108,0.0161419995129108,0
Arcona USD,ARCONA-USD,2021-01-20,0.0161419995129108,0.0163759998977184,0.0145410001277923,0.0161189995706081,0.0161189995706081,0
Arcona USD,ARCONA-USD,2021-01-21,0.016117999330163,0.0161259993910789,0.0128920003771781,0.0130540002137422,0.0130540002137422,0
Arcona USD,ARCONA-USD,2021-01-22,0.0130550004541873,0.0148740001022815,0.0122889997437596,0.0144239999353885,0.0144239999353885,0
Arcona USD,ARCONA-USD,2021-01-23,0.0144239999353885,0.0148149998858571,0.014046000316739,0.0143459998071193,0.0143459998071193,0
Arcona USD,ARCONA-USD,2021-01-24,0.0143449995666742,0.0162719991058111,0.0143139995634555,0.0162719991058111,0.0162719991058111,0
Arcona USD,ARCONA-USD,2021-01-25,0.0162719991058111,0.0170639995485544,0.0152709996327757,0.0154379997402429,0.0154379997402429,0
Arcona USD,ARCONA-USD,2021-01-26,0.0154370004311203,0.0160290002822875,0.0145950000733137,0.0158210005611181,0.0158210005611181,0
Arcona USD,ARCONA-USD,2021-01-27,0.0158200003206729,0.0159549992531538,0.015642000362277,0.0156510006636381,0.0156510006636381,0
Arcona USD,ARCONA-USD,2021-02-20,0.0264720004051923,0.0316720008850097,0.0233820006251335,0.0239109992980957,0.0239109992980957,4305
Arcona USD,ARCONA-USD,2021-02-21,0.0239119995385408,0.0701320022344589,0.0225239992141723,0.0284509994089603,0.0284509994089603,25933
Arcona USD,ARCONA-USD,2021-02-22,0.0284509994089603,0.0605739988386631,0.0279089994728565,0.0481059998273849,0.0481059998273849,15414
Arcona USD,ARCONA-USD,2021-02-23,0.0481490008533,0.0568309985101223,0.0180510003119707,0.0194799993187189,0.0194799993187189,19068
Arcona USD,ARCONA-USD,2021-02-24,0.0194799993187189,0.0343590006232261,0.0181419998407363,0.018903000280261,0.018903000280261,11983
Arcona USD,ARCONA-USD,2021-02-25,0.018903000280261,0.0192499998956918,0.0167180001735687,0.0168440006673336,0.0168440006673336,0
Arcona USD,ARCONA-USD,2021-02-26,0.0168430004268884,0.0315629988908767,0.016499999910593,0.0235130004584789,0.0235130004584789,0
Arcona USD,ARCONA-USD,2021-02-27,0.0235120002180337,0.0400610007345676,0.0201890002936124,0.0205639991909265,0.0205639991909265,9977
Arcona USD,ARCONA-USD,2021-02-28,0.0205639991909265,0.020601000636816,0.0186160001903772,0.0203290004283189,0.0203290004283189,0
Arcona USD,ARCONA-USD,2021-03-01,0.0203290004283189,0.0462770015001297,0.0202510003000497,0.0323660001158714,0.0323660001158714,0
Arcona USD,ARCONA-USD,2021-03-02,0.0323669984936714,0.0465350002050399,0.0271209999918937,0.0326899997889995,0.0326899997889995,10121
Arcona USD,ARCONA-USD,2021-03-03,0.0326890014111995,0.036421000957489,0.0248119998723268,0.0249659996479749,0.0249659996479749,4177
Arcona USD,ARCONA-USD,2021-03-04,0.0249639991670846,0.0313760004937648,0.0243449993431568,0.0313609987497329,0.0313609987497329,1665
Arcona USD,ARCONA-USD,2021-03-05,0.0313620008528232,0.0798719972372055,0.0287079997360706,0.0613900013267993,0.0613900013267993,60247
Arcona USD,ARCONA-USD,2021-03-06,0.0613900013267993,0.3023250102996826,0.0613880008459091,0.1243230029940605,0.1243230029940605,433041
Arcona USD,ARCONA-USD,2021-03-07,0.1243230029940605,0.1680790036916732,0.0651570037007331,0.1015980020165443,0.1015980020165443,65655
Arcona USD,ARCONA-USD,2021-03-08,0.1015930026769638,0.2075860053300857,0.0860069990158081,0.1438290029764175,0.1438290029764175,116323
Arcona USD,ARCONA-USD,2021-03-09,0.1438400000333786,0.1966760009527206,0.0913110002875328,0.1355369985103607,0.1355369985103607,64637
Arcona USD,ARCONA-USD,2021-03-10,0.1355389952659607,0.179635003209114,0.1151930019259452,0.1576219946146011,0.1576219946146011,77617
Arcona USD,ARCONA-USD,2021-03-11,0.1576240062713623,0.4949580132961273,0.1313939988613128,0.3741700053215027,0.3741700053215027,692218
Arcona USD,ARCONA-USD,2021-03-12,0.3741729855537414,0.4764339923858642,0.2221470028162002,0.3031899929046631,0.3031899929046631,583295
Arcona USD,ARCONA-USD,2021-03-13,0.3031879961490631,0.3931390047073364,0.2221720069646835,0.296979010105133,0.296979010105133,124910
Arcona USD,ARCONA-USD,2021-03-14,0.2969839870929718,0.3153859972953796,0.2230450063943863,0.2562929987907409,0.2562929987907409,102991
Arcona USD,ARCONA-USD,2021-03-15,0.2562969923019409,0.3564450144767761,0.2216500043869018,0.2978270053863525,0.2978270053863525,131672
Arcona USD,ARCONA-USD,2021-03-16,0.2978219985961914,0.3734390139579773,0.2548289895057678,0.3561849892139435,0.3561849892139435,100179
Arcona USD,ARCONA-USD,2021-03-17,0.3561869859695434,0.4232479929924011,0.3164339959621429,0.3478859961032867,0.3478859961032867,89653
Arcona USD,ARCONA-USD,2021-03-18,0.3479549884796142,0.399060994386673,0.2599090039730072,0.28957200050354,0.28957200050354,85603
Arcona USD,ARCONA-USD,2021-03-19,0.2896110117435455,0.3178710043430328,0.2366340011358261,0.2681620121002197,0.2681620121002197,59101
Arcona USD,ARCONA-USD,2021-03-20,0.2683440148830414,0.33815398812294,0.2568329870700836,0.2881479859352112,0.2881479859352112,27517
Arcona USD,ARCONA-USD,2021-03-21,0.2876760065555572,0.2922340035438537,0.1910630017518997,0.2307370007038116,0.2307370007038116,41083
Arcona USD,ARCONA-USD,2021-03-22,0.2314590066671371,0.2465720027685165,0.1781840026378631,0.2151390016078949,0.2151390016078949,30341
Arcona USD,ARCONA-USD,2021-03-23,0.2150779962539672,0.4050529897212982,0.1666339933872223,0.1779730021953582,0.1779730021953582,392480
Arcona USD,ARCONA-USD,2021-03-24,0.1778679937124252,0.3211410045623779,0.1778679937124252,0.2434310019016266,0.2434310019016266,95492
Arcona USD,ARCONA-USD,2021-03-25,0.2430469989776611,0.2479999959468841,0.1887219995260238,0.1983149945735931,0.1983149945735931,29307
Arcona USD,ARCONA-USD,2021-03-26,0.1982380002737045,0.216058000922203,0.1861400008201599,0.2114029973745346,0.2114029973745346,29740
Arcona USD,ARCONA-USD,2021-03-27,0.2111870050430297,0.2184160053730011,0.1780479997396469,0.2060990035533905,0.2060990035533905,37415
Arcona USD,ARCONA-USD,2021-03-28,0.2061019986867904,0.2176080048084259,0.1878049969673156,0.2068389952182769,0.2068389952182769,59670
Arcona USD,ARCONA-USD,2021-03-29,0.2068710029125213,0.2281839996576309,0.1986549943685531,0.1988459974527359,0.1988459974527359,17434
Arcona USD,ARCONA-USD,2021-03-30,0.1988610029220581,0.2037159949541092,0.180304005742073,0.1884029954671859,0.1884029954671859,30399
Arcona USD,ARCONA-USD,2021-03-31,0.1883600056171417,0.1916559934616089,0.1602499932050705,0.1783850044012069,0.1783850044012069,31086
Arcona USD,ARCONA-USD,2021-04-01,0.1779499948024749,0.1818419992923736,0.1641650050878524,0.166824996471405,0.166824996471405,17729
Arcona USD,ARCONA-USD,2021-04-02,0.1677809953689575,0.183008998632431,0.1520179957151413,0.1531420052051544,0.1531420052051544,24002
Arcona USD,ARCONA-USD,2021-04-03,0.1527110040187835,0.1808480024337768,0.1373919993638992,0.163795992732048,0.163795992732048,26798
Arcona USD,ARCONA-USD,2021-04-04,0.1632360070943832,0.2769260108470917,0.1614110022783279,0.2313279956579208,0.2313279956579208,124299
Arcona USD,ARCONA-USD,2021-04-05,0.2310850024223327,0.2379119992256164,0.1760299950838089,0.2282979935407638,0.2282979935407638,83888
Arcona USD,ARCONA-USD,2021-04-06,0.2284680008888244,0.2352939993143081,0.1834069937467575,0.1834989935159683,0.1834989935159683,19285
Arcona USD,ARCONA-USD,2021-04-07,0.1834940016269683,0.46281298995018,0.1692339926958084,0.3948459923267364,0.3948459923267364,1018693
Arcona USD,ARCONA-USD,2021-04-08,0.3935000002384186,0.7233420014381409,0.3589949905872345,0.5089920163154602,0.5089920163154602,1625125
Arcona USD,ARCONA-USD,2021-04-09,0.5089010000228882,0.7461680173873901,0.5060089826583862,0.5657050013542175,0.5657050013542175,825680
Arcona USD,ARCONA-USD,2021-04-10,0.5658159852027893,0.5897549986839294,0.2979629933834076,0.4069600105285644,0.4069600105285644,519648
Arcona USD,ARCONA-USD,2021-04-11,0.407025009393692,0.4293299913406372,0.3283329904079437,0.3521000146865845,0.3521000146865845,220699
Arcona USD,ARCONA-USD,2021-04-12,0.3520359992980957,0.3658559918403625,0.2215110063552856,0.2981770038604736,0.2981770038604736,298703
Arcona USD,ARCONA-USD,2021-04-13,0.2982630133628845,0.3170120120048523,0.2320380061864853,0.2770969867706299,0.2770969867706299,193869
Arcona USD,ARCONA-USD,2021-04-14,0.2779090106487274,0.3154659867286682,0.2742120027542114,0.3139240145683288,0.3139240145683288,33635
Arcona USD,ARCONA-USD,2021-04-15,0.313960999250412,0.3165650069713592,0.248196005821228,0.2654320001602173,0.2654320001602173,49099
Arcona USD,ARCONA-USD,2021-04-16,0.2652249932289123,0.2802590131759643,0.2266699969768524,0.2336940020322799,0.2336940020322799,91405
Arcona USD,ARCONA-USD,2021-04-17,0.2337960004806518,0.2796190083026886,0.2322040051221847,0.2668389976024627,0.2668389976024627,42925
Arcona USD,ARCONA-USD,2021-04-18,0.2665979862213135,0.2699759900569916,0.1936189979314804,0.2253759950399398,0.2253759950399398,103136
Arcona USD,ARCONA-USD,2021-04-19,0.2245510071516037,0.252712994813919,0.1604319959878921,0.184590995311737,0.184590995311737,153520
Arcona USD,ARCONA-USD,2021-04-20,0.1835359930992126,0.2071129977703094,0.1697809994220733,0.1947260051965713,0.1947260051965713,57001
Arcona USD,ARCONA-USD,2021-04-21,0.1952850073575973,0.2731179893016815,0.1843069940805435,0.2364590018987655,0.2364590018987655,110124
Arcona USD,ARCONA-USD,2021-04-22,0.2367669939994812,0.2729670107364654,0.1723600029945373,0.1731870025396347,0.1731870025396347,147049
Arcona USD,ARCONA-USD,2021-04-23,0.1731369942426681,0.1744340062141418,0.137814000248909,0.1704329997301101,0.1704329997301101,51430
Arcona USD,ARCONA-USD,2021-04-24,0.1705020070075988,0.1707070022821426,0.1532859951257705,0.1532859951257705,0.1532859951257705,7271
Arcona USD,ARCONA-USD,2021-04-25,0.1533029973506927,0.1548109948635101,0.13297800719738,0.1445090025663375,0.1445090025663375,26134
Arcona USD,ARCONA-USD,2021-04-26,0.1445160061120987,0.164790004491806,0.1444949954748153,0.1583829969167709,0.1583829969167709,44005
Arcona USD,ARCONA-USD,2021-04-27,0.1583690047264099,0.1618179976940155,0.1384779959917068,0.1462720036506652,0.1462720036506652,41820
Arcona USD,ARCONA-USD,2021-04-28,0.1462720036506652,0.1568309962749481,0.1443579941987991,0.146136999130249,0.146136999130249,33514
Arcona USD,ARCONA-USD,2021-04-29,0.1461409926414489,0.1577250063419342,0.140062004327774,0.1492490023374557,0.1492490023374557,23001
Arcona USD,ARCONA-USD,2021-04-30,0.149166002869606,0.1492789983749389,0.1304479986429214,0.1314319968223571,0.1314319968223571,16549
Arcona USD,ARCONA-USD,2021-05-01,0.131411999464035,0.1394039988517761,0.1259569972753524,0.1376460045576095,0.1376460045576095,30401
Arcona USD,ARCONA-USD,2021-05-02,0.1376799941062927,0.2327830046415329,0.1317259967327118,0.185586005449295,0.185586005449295,141353
Arcona USD,ARCONA-USD,2021-05-03,0.1893679946660995,0.2195100039243698,0.1871369928121566,0.2156849950551986,0.2156849950551986,36652
Arcona USD,ARCONA-USD,2021-05-04,0.2156780064105987,0.2162590026855468,0.1276880055665969,0.1421290040016174,0.1421290040016174,125404
Arcona USD,ARCONA-USD,2021-05-05,0.1421169936656952,0.1572320014238357,0.1395539939403534,0.1569419950246811,0.1569419950246811,92306
Arcona USD,ARCONA-USD,2021-05-06,0.1569480001926422,0.1591600030660629,0.1424980014562606,0.1484919935464859,0.1484919935464859,37740
Arcona USD,ARCONA-USD,2021-05-07,0.1483590006828308,0.1516759991645813,0.1433559954166412,0.1474959999322891,0.1474959999322891,697
Arcona USD,ARCONA-USD,2021-05-08,0.1475449949502945,0.1685699969530105,0.135916993021965,0.1463139951229095,0.1463139951229095,28620
Arcona USD,ARCONA-USD,2021-05-09,0.1465400010347366,0.1600449979305267,0.1355489939451217,0.1359860002994537,0.1359860002994537,8807
Arcona USD,ARCONA-USD,2021-05-10,0.1362359970808029,0.1615750044584274,0.135012999176979,0.1428939998149871,0.1428939998149871,12342
Arcona USD,ARCONA-USD,2021-05-11,0.1432799994945526,0.1463309973478317,0.129718005657196,0.1372929960489273,0.1372929960489273,9855
Arcona USD,ARCONA-USD,2021-05-12,0.1373569965362548,0.1437429934740066,0.1267820000648498,0.1279989928007125,0.1279989928007125,1729
Arcona USD,ARCONA-USD,2021-05-13,0.1268620043992996,0.1323080062866211,0.1167500019073486,0.1294050067663192,0.1294050067663192,9018
Arcona USD,ARCONA-USD,2021-05-14,0.1296270042657852,0.1394080072641372,0.1269550025463104,0.1323760002851486,0.1323760002851486,39971
Arcona USD,ARCONA-USD,2021-05-15,0.1321170032024383,0.133991003036499,0.1206459999084472,0.1207420006394386,0.1207420006394386,6930
Arcona USD,ARCONA-USD,2021-05-16,0.1206130012869834,0.1289190053939819,0.1094999983906745,0.1162049993872642,0.1162049993872642,1971
Arcona USD,ARCONA-USD,2021-05-17,0.1163669973611831,0.1165049970149993,0.1014849990606308,0.1057019978761673,0.1057019978761673,887
Arcona USD,ARCONA-USD,2021-05-18,0.105673998594284,0.1154249981045723,0.1054619997739791,0.1096149981021881,0.1096149981021881,347
Arcona USD,ARCONA-USD,2021-05-19,0.1096170023083686,0.1118199974298477,0.0663719996809959,0.0812679976224899,0.0812679976224899,2505
Arcona USD,ARCONA-USD,2021-05-20,0.0811899974942207,0.0926700010895729,0.0711290016770362,0.0842619985342025,0.0842619985342025,162233
Arcona USD,ARCONA-USD,2021-05-21,0.0844200029969215,0.09111800044775,0.0651549994945526,0.0753009989857673,0.0753009989857673,136860
Arcona USD,ARCONA-USD,2021-05-22,0.0753690004348754,0.0771519988775253,0.0634450018405914,0.0672850012779235,0.0672850012779235,125394
Arcona USD,ARCONA-USD,2021-05-23,0.0673270002007484,0.0738499984145164,0.051325999200344,0.0623279996216297,0.0623279996216297,116780
Arcona USD,ARCONA-USD,2021-05-24,0.0622229985892772,0.0833680033683776,0.0616150014102458,0.0805500000715255,0.0805500000715255,143781
Arcona USD,ARCONA-USD,2021-05-25,0.0806280001997947,0.0854189991950988,0.0695689991116523,0.081395998597145,0.081395998597145,164125
Arcona USD,ARCONA-USD,2021-05-26,0.0816830024123191,0.088588997721672,0.071772001683712,0.0772190019488334,0.0772190019488334,136098
Arcona USD,ARCONA-USD,2021-05-27,0.077283002436161,0.077284999191761,0.0691829994320869,0.0705069974064827,0.0705069974064827,111389
Arcona USD,ARCONA-USD,2021-05-28,0.0704590007662773,0.0735139995813369,0.0604070015251636,0.0625670030713081,0.0625670030713081,124951
Arcona USD,ARCONA-USD,2021-05-29,0.0625879988074302,0.0663670003414154,0.0576619990170002,0.061319001019001,0.061319001019001,28412
Arcona USD,ARCONA-USD,2021-05-30,0.0614150017499923,0.0693930014967918,0.0589400008320808,0.0637599974870681,0.0637599974870681,70526
Arcona USD,ARCONA-USD,2021-05-31,0.0637369975447654,0.0724319964647293,0.060649000108242,0.0712840035557746,0.0712840035557746,96161
Arcona USD,ARCONA-USD,2021-06-01,0.0714949965476989,0.0769419968128204,0.0660120025277137,0.072341002523899,0.072341002523899,96535
Arcona USD,ARCONA-USD,2021-06-02,0.0723970010876655,0.0815749987959861,0.0694890022277832,0.0728840008378028,0.0728840008378028,143097
Arcona USD,ARCONA-USD,2021-06-03,0.0727979987859726,0.0843280032277107,0.0706980004906654,0.0801960006356239,0.0801960006356239,157502
Arcona USD,ARCONA-USD,2021-06-04,0.0802299976348877,0.0836699977517128,0.0693449974060058,0.0731400027871131,0.0731400027871131,142318
Arcona USD,ARCONA-USD,2021-06-05,0.0731279999017715,0.0824820026755333,0.0674609988927841,0.0769509971141815,0.0769509971141815,131278
Arcona USD,ARCONA-USD,2021-06-06,0.0770229995250701,0.0881140008568763,0.0691770017147064,0.0786679983139038,0.0786679983139038,156641
Arcona USD,ARCONA-USD,2021-06-07,0.0786819979548454,0.0897620022296905,0.0712279975414276,0.0737840011715889,0.0737840011715889,138285
Arcona USD,ARCONA-USD,2021-06-08,0.0736019983887672,0.0803909972310066,0.0616389997303485,0.0724890008568763,0.0724890008568763,140040
Arcona USD,ARCONA-USD,2021-06-09,0.0724439993500709,0.0775810033082962,0.0641470029950141,0.0740050002932548,0.0740050002932548,142889
Arcona USD,ARCONA-USD,2021-06-10,0.074081003665924,0.0770609974861145,0.0625080019235611,0.0640359967947006,0.0640359967947006,113693
Arcona USD,ARCONA-USD,2021-06-11,0.064069002866745,0.0731350034475326,0.0607439987361431,0.0704509988427162,0.0704509988427162,145675
Arcona USD,ARCONA-USD,2021-06-12,0.0705289989709854,0.0737899988889694,0.062229998409748,0.0722040012478828,0.0722040012478828,145325
Arcona USD,ARCONA-USD,2021-06-13,0.0722460001707077,0.0807119980454444,0.064299002289772,0.0734150037169456,0.0734150037169456,171666
Arcona USD,ARCONA-USD,2021-06-14,0.0734390020370483,0.0764309987425804,0.0679360032081604,0.0720940008759498,0.0720940008759498,167982
Arcona USD,ARCONA-USD,2021-06-15,0.0753350034356117,0.0826440006494522,0.0704549998044967,0.0741100013256073,0.0741100013256073,143926
Arcona USD,ARCONA-USD,2021-06-16,0.0769020020961761,0.0812309980392456,0.0661950036883354,0.0714590027928352,0.0714590027928352,130377
Arcona USD,ARCONA-USD,2021-06-17,0.07150299847126,0.0820769965648651,0.0683180019259452,0.0784009993076324,0.0784009993076324,132848
Arcona USD,ARCONA-USD,2021-06-18,0.0784239992499351,0.0789820030331611,0.0720880031585693,0.0749590024352073,0.0749590024352073,110313
Arcona USD,ARCONA-USD,2021-06-19,0.0749460011720657,0.0768899992108345,0.0721220001578331,0.0724319964647293,0.0724319964647293,76087
Arcona USD,ARCONA-USD,2021-06-20,0.0724970027804374,0.0786530002951622,0.0638139992952346,0.0663480013608932,0.0663480013608932,119698
Arcona USD,ARCONA-USD,2021-06-21,0.0663480013608932,0.071602001786232,0.0523959994316101,0.0541989989578723,0.0541989989578723,109693
Arcona USD,ARCONA-USD,2021-06-22,0.0542379990220069,0.0646129995584487,0.0484599992632865,0.060683999210596,0.060683999210596,116496
Arcona USD,ARCONA-USD,2021-06-23,0.0607369989156723,0.0656059980392456,0.055341999977827,0.0589849986135959,0.0589849986135959,104541
Arcona USD,ARCONA-USD,2021-06-24,0.0592570006847381,0.0666849985718727,0.0528020001947879,0.0620569996535778,0.0620569996535778,114133
Arcona USD,ARCONA-USD,2021-06-25,0.0620319992303848,0.0662819966673851,0.0497750006616115,0.0520999990403652,0.0520999990403652,95326
Arcona USD,ARCONA-USD,2021-06-26,0.0520730018615722,0.0602659992873668,0.0464150011539459,0.0602659992873668,0.0602659992873668,102768
Arcona USD,ARCONA-USD,2021-06-27,0.0604179985821247,0.0655220001935958,0.052955999970436,0.0614529997110366,0.0614529997110366,121802
Arcona USD,ARCONA-USD,2021-06-28,0.0615589991211891,0.071102000772953,0.0582109987735748,0.0653500035405159,0.0653500035405159,123334
Arcona USD,ARCONA-USD,2021-06-29,0.0653069987893104,0.0766389966011047,0.0621550008654594,0.0695160031318664,0.0695160031318664,136387
Arcona USD,ARCONA-USD,2021-06-30,0.0693589970469474,0.0775889977812767,0.0620229989290237,0.0743170008063316,0.0743170008063316,122714
Arcona USD,ARCONA-USD,2021-07-01,0.0743720009922981,0.0774570032954216,0.0619029998779296,0.0692270025610923,0.0692270025610923,125410
Arcona USD,ARCONA-USD,2021-07-02,0.0693250000476837,0.0729990005493164,0.0601189993321895,0.072453998029232,0.072453998029232,133286
Arcona USD,ARCONA-USD,2021-07-03,0.0724439993500709,0.0743699967861175,0.0612839981913566,0.0734469965100288,0.0734469965100288,135499
Arcona USD,ARCONA-USD,2021-07-04,0.0734250023961067,0.0781719982624054,0.0543010011315345,0.0578350014984607,0.0578350014984607,120204
Arcona USD,ARCONA-USD,2021-07-05,0.0578490011394023,0.0630349963903427,0.0516479983925819,0.0537469983100891,0.0537469983100891,110694
Arcona USD,ARCONA-USD,2021-07-06,0.0536109991371631,0.0907080024480819,0.0340429991483688,0.0890360027551651,0.0890360027551651,247298
Arcona USD,ARCONA-USD,2021-07-07,0.0890809968113899,0.0956050008535385,0.0685790032148361,0.0685840025544166,0.0685840025544166,160900
Arcona USD,ARCONA-USD,2021-07-08,0.0686670020222663,0.0780899971723556,0.0613179989159107,0.0626169964671135,0.0626169964671135,182035
Arcona USD,ARCONA-USD,2021-07-09,0.0625799968838691,0.0758659988641738,0.0607529990375041,0.0677520036697387,0.0677520036697387,221457
Arcona USD,ARCONA-USD,2021-07-10,0.0676430016756057,0.0754399970173835,0.0610640011727809,0.0624779984354972,0.0624779984354972,239356
Arcona USD,ARCONA-USD,2021-07-11,0.0625049993395805,0.068790003657341,0.0582740008831024,0.0652479976415634,0.0652479976415634,264283
Arcona USD,ARCONA-USD,2021-07-12,0.0652519986033439,0.07498300075531,0.0512880012392997,0.0691820010542869,0.0691820010542869,277169
Arcona USD,ARCONA-USD,2021-07-13,0.0691850036382675,0.088927999138832,0.0595839992165565,0.0726850032806396,0.0726850032806396,256030
Arcona USD,ARCONA-USD,2021-07-14,0.0726569965481758,0.0877240002155304,0.0647530034184455,0.0789970010519027,0.0789970010519027,271945
Arcona USD,ARCONA-USD,2021-07-15,0.0790319964289665,0.0923010036349296,0.0743850022554397,0.0855590030550956,0.0855590030550956,216605
Arcona USD,ARCONA-USD,2021-07-16,0.0857369974255561,0.1449290066957473,0.073522001504898,0.131972998380661,0.131972998380661,401979
Arcona USD,ARCONA-USD,2021-07-17,0.1319459974765777,0.1375429928302765,0.1167740002274513,0.1243550032377243,0.1243550032377243,275130
Arcona USD,ARCONA-USD,2021-07-18,0.1243660002946853,0.1350779980421066,0.1118249967694282,0.1208119988441467,0.1208119988441467,247634
Arcona USD,ARCONA-USD,2021-07-19,0.1207569986581802,0.1327410042285919,0.1124109998345375,0.123599000275135,0.123599000275135,230098
Arcona USD,ARCONA-USD,2021-07-20,0.123598001897335,0.1254789978265762,0.0789650008082389,0.0974299982190132,0.0974299982190132,243181
Arcona USD,ARCONA-USD,2021-07-21,0.0961870029568672,0.1090499982237815,0.0929509997367858,0.1013500019907951,0.1013500019907951,247315
Arcona USD,ARCONA-USD,2021-07-22,0.101450003683567,0.1129029989242553,0.0924040004611015,0.1115090027451515,0.1115090027451515,252850
Arcona USD,ARCONA-USD,2021-07-23,0.1115079969167709,0.1340869963169098,0.1069940030574798,0.1334600001573562,0.1334600001573562,329394
Arcona USD,ARCONA-USD,2021-07-24,0.1334860026836395,0.1693249940872192,0.1314840018749237,0.1483069956302642,0.1483069956302642,315819
Arcona USD,ARCONA-USD,2021-07-25,0.1484300047159195,0.2265589982271194,0.1390489935874939,0.2128510028123855,0.2128510028123855,735647
Arcona USD,ARCONA-USD,2021-07-26,0.2127870023250579,0.3315190076828003,0.2107920050621032,0.2578189969062805,0.2578189969062805,986853
Arcona USD,ARCONA-USD,2021-07-27,0.2575750052928924,0.3180629909038543,0.2339919954538345,0.3117820024490356,0.3117820024490356,511751
Arcona USD,ARCONA-USD,2021-07-28,0.3119159936904907,0.3257150053977966,0.2516030073165893,0.2861700057983398,0.2861700057983398,1087401
Arcona USD,ARCONA-USD,2021-07-29,0.2860090136528015,0.3176009953022003,0.2439890056848526,0.3021149933338165,0.3021149933338165,1983812
Arcona USD,ARCONA-USD,2021-07-30,0.3023349940776825,0.324319988489151,0.2475070059299469,0.2761990129947662,0.2761990129947662,1758092
Arcona USD,ARCONA-USD,2021-07-31,0.2763569951057434,0.2914760112762451,0.2497510015964508,0.2908949851989746,0.2908949851989746,1970288
Arcona USD,ARCONA-USD,2021-08-01,0.290565013885498,0.2976079881191253,0.2318979948759079,0.2397210001945495,0.2397210001945495,1949754
Arcona USD,ARCONA-USD,2021-08-02,0.2392649948596954,0.2597480118274688,0.2218510061502456,0.2340009957551956,0.2340009957551956,1936251
Arcona USD,ARCONA-USD,2021-08-03,0.2341260015964508,0.2475589960813522,0.1719039976596832,0.1720660030841827,0.1720660030841827,1594405
Arcona USD,ARCONA-USD,2021-08-04,0.1720660030841827,0.2109310030937194,0.1699090003967285,0.2028760015964508,0.2028760015964508,2096215
Arcona USD,ARCONA-USD,2021-08-05,0.2028879970312118,0.2374220043420791,0.1864449977874755,0.2359129935503006,0.2359129935503006,2256894
Arcona USD,ARCONA-USD,2021-08-06,0.2358919978141784,0.2387430071830749,0.1828390061855316,0.2005729973316192,0.2005729973316192,2015522
Arcona USD,ARCONA-USD,2021-08-07,0.2003889977931976,0.2434380054473877,0.1993789970874786,0.2115090042352676,0.2115090042352676,2260846
Arcona USD,ARCONA-USD,2021-08-08,0.2109459936618805,0.2188889980316162,0.185925006866455,0.2082789987325668,0.2082789987325668,2395337
Arcona USD,ARCONA-USD,2021-08-09,0.208515003323555,0.2229530066251754,0.1843390017747879,0.216729998588562,0.216729998588562,1627201
Arcona USD,ARCONA-USD,2021-08-10,0.2169799953699112,0.2195879966020584,0.18020099401474,0.2156649976968765,0.2156649976968765,977054
Arcona USD,ARCONA-USD,2021-08-11,0.2157489955425262,0.2263689935207367,0.1692840009927749,0.1803629994392395,0.1803629994392395,1029231
Arcona USD,ARCONA-USD,2021-08-12,0.1800550073385238,0.2034749984741211,0.1629980057477951,0.1893090009689331,0.1893090009689331,333208
Arcona USD,ARCONA-USD,2021-08-13,0.1892040073871612,0.2049479931592941,0.1712390035390854,0.1822270005941391,0.1822270005941391,998068
Arcona USD,ARCONA-USD,2021-08-14,0.182120993733406,0.2005299925804138,0.1727090030908584,0.1867489963769912,0.1867489963769912,898558
Arcona USD,ARCONA-USD,2021-08-15,0.1867830008268356,0.1886070072650909,0.1641539931297302,0.1829230040311813,0.1829230040311813,1005464
Arcona USD,ARCONA-USD,2021-08-16,0.1830250024795532,0.1931910067796707,0.1542900055646896,0.161762997508049,0.161762997508049,1021295
Arcona USD,ARCONA-USD,2021-08-17,0.1614110022783279,0.1735779941082,0.1561899930238723,0.157151997089386,0.157151997089386,464595
Arcona USD,ARCONA-USD,2021-08-18,0.157150000333786,0.1654250025749206,0.1480280011892318,0.1606090068817138,0.1606090068817138,316034
Arcona USD,ARCONA-USD,2021-08-19,0.1604339927434921,0.1655070036649704,0.1511919945478439,0.1621969938278198,0.1621969938278198,388964
Arcona USD,ARCONA-USD,2021-08-20,0.1622949987649917,0.1796859949827194,0.1579329967498779,0.1670960038900375,0.1670960038900375,1040823
Arcona USD,ARCONA-USD,2021-08-21,0.1670680046081543,0.1670680046081543,0.125899001955986,0.1287190020084381,0.1287190020084381,1094064
Arcona USD,ARCONA-USD,2021-08-22,0.1286589950323104,0.133542001247406,0.1255879998207092,0.1333000063896179,0.1333000063896179,1035786
Arcona USD,ARCONA-USD,2021-08-23,0.1332309991121292,0.1460900008678436,0.1329769939184188,0.1380870044231414,0.1380870044231414,1051521
Arcona USD,ARCONA-USD,2021-08-24,0.1380980014801025,0.1961140036582946,0.1353870034217834,0.1805669963359832,0.1805669963359832,537922
Arcona USD,ARCONA-USD,2021-08-25,0.1818230003118515,0.1920360028743744,0.1516180038452148,0.1882620006799698,0.1882620006799698,1265451
Arcona USD,ARCONA-USD,2021-08-26,0.1894720047712326,0.1932200044393539,0.1580020040273666,0.1744879931211471,0.1744879931211471,1001340
Arcona USD,ARCONA-USD,2021-08-27,0.1743810027837753,0.1836739927530288,0.1402630060911178,0.158839002251625,0.158839002251625,1002120
Arcona USD,ARCONA-USD,2021-08-28,0.159072995185852,0.1916300058364868,0.1531019955873489,0.1746360063552856,0.1746360063552856,92315
Arcona USD,ARCONA-USD,2021-08-29,0.1746190041303634,0.2111299932003021,0.1742659956216812,0.2049079984426498,0.2049079984426498,213831
Arcona USD,ARCONA-USD,2021-08-30,0.2048799991607666,0.2172659933567047,0.184576004743576,0.2135930061340332,0.2135930061340332,85564
Arcona USD,ARCONA-USD,2021-08-31,0.2142419964075088,0.2148589938879013,0.187282994389534,0.1899989992380142,0.1899989992380142,140738
Arcona USD,ARCONA-USD,2021-09-01,0.1899379938840866,0.2086029946804046,0.1807920038700103,0.1940889954566955,0.1940889954566955,97734
Arcona USD,ARCONA-USD,2021-09-02,0.1946589946746826,0.2136310040950775,0.1812400072813034,0.190527006983757,0.190527006983757,126876
Arcona USD,ARCONA-USD,2021-09-03,0.1904989928007125,0.1975309997797012,0.1704799979925155,0.1827840059995651,0.1827840059995651,89847
Arcona USD,ARCONA-USD,2021-09-04,0.1827400028705597,0.1885769963264465,0.1669500023126602,0.168843001127243,0.168843001127243,79939
Arcona USD,ARCONA-USD,2021-09-05,0.1689099967479705,0.1772509962320327,0.1633709967136383,0.1768729984760284,0.1768729984760284,82461
Arcona USD,ARCONA-USD,2021-09-06,0.1768629997968673,0.186489000916481,0.1756850033998489,0.1821220070123672,0.1821220070123672,81473
Arcona USD,ARCONA-USD,2021-09-07,0.1820839941501617,0.1826239973306656,0.1440320014953613,0.1505630016326904,0.1505630016326904,67135
Arcona USD,ARCONA-USD,2021-09-08,0.1506360024213791,0.1542959958314895,0.1377750039100647,0.1488450020551681,0.1488450020551681,69595
Arcona USD,ARCONA-USD,2021-09-09,0.1393000036478042,0.1602270007133484,0.1364309936761856,0.137606993317604,0.137606993317604,113910
Arcona USD,ARCONA-USD,2021-09-10,0.1375889927148819,0.1388549953699112,0.1269370019435882,0.1369760036468505,0.1369760036468505,78554
Arcona USD,ARCONA-USD,2021-09-11,0.1369899958372116,0.1424839943647384,0.1275189965963363,0.1281599998474121,0.1281599998474121,72511
Arcona USD,ARCONA-USD,2021-09-12,0.1281349956989288,0.1358190029859542,0.1254799962043762,0.1311170011758804,0.1311170011758804,112339
Arcona USD,ARCONA-USD,2021-09-13,0.1310770064592361,0.1311530023813247,0.1165900006890297,0.1223929971456527,0.1223929971456527,70099
Arcona USD,ARCONA-USD,2021-09-14,0.1223779991269111,0.1304939985275268,0.1218710020184516,0.1276479959487915,0.1276479959487915,71259
Arcona USD,ARCONA-USD,2021-09-15,0.127697005867958,0.1353570073843002,0.1267029941082,0.1338409930467605,0.1338409930467605,72355
Arcona USD,ARCONA-USD,2021-09-16,0.1340299993753433,0.1367000043392181,0.1288959980010986,0.1321270018815994,0.1321270018815994,70515
Arcona USD,ARCONA-USD,2021-09-17,0.1321189999580383,0.1326349973678589,0.1246350035071373,0.1256439983844757,0.1256439983844757,68822
Arcona USD,ARCONA-USD,2021-09-18,0.1258050054311752,0.1282099932432174,0.1240409985184669,0.1244769990444183,0.1244769990444183,69483
Arcona USD,ARCONA-USD,2021-09-19,0.1244800016283989,0.1287190020084381,0.1234449967741966,0.1263300031423568,0.1263300031423568,70174
Arcona USD,ARCONA-USD,2021-09-20,0.1263259947299957,0.1263259947299957,0.1081520020961761,0.1086279973387718,0.1086279973387718,66390
Arcona USD,ARCONA-USD,2021-09-21,0.1085620000958442,0.1196480020880699,0.1040479987859726,0.1093309968709945,0.1093309968709945,65000
Arcona USD,ARCONA-USD,2021-09-22,0.1095379963517189,0.1233749985694885,0.1090660020709037,0.122977003455162,0.122977003455162,64035
Arcona USD,ARCONA-USD,2021-09-23,0.1230269968509674,0.1260679960250854,0.1201570034027099,0.1248439997434616,0.1248439997434616,62919
Arcona USD,ARCONA-USD,2021-09-24,0.1248570010066032,0.1252740025520324,0.1101170033216476,0.1206810027360916,0.1206810027360916,67311
Arcona USD,ARCONA-USD,2021-09-25,0.1207680031657219,0.1210530027747154,0.1104720011353492,0.1134760007262229,0.1134760007262229,70832
Arcona USD,ARCONA-USD,2021-09-26,0.1134290024638176,0.1177989989519119,0.1073810011148452,0.1154550015926361,0.1154550015926361,61393
Arcona USD,ARCONA-USD,2021-09-27,0.1153720021247863,0.1193829998373985,0.1113239973783493,0.1116880029439926,0.1116880029439926,58142
Arcona USD,ARCONA-USD,2021-09-28,0.111745998263359,0.1122419983148574,0.1062539964914321,0.1067460030317306,0.1067460030317306,56291
Arcona USD,ARCONA-USD,2021-09-29,0.1067640036344528,0.1186489984393119,0.1052090004086494,0.1185740008950233,0.1185740008950233,71855
Arcona USD,ARCONA-USD,2021-09-30,0.1185740008950233,0.1257330030202865,0.1180310025811195,0.1232409998774528,0.1232409998774528,61350
Arcona USD,ARCONA-USD,2021-10-01,0.1232839971780777,0.1335739940404892,0.1218449994921684,0.1330090016126632,0.1330090016126632,66226
Arcona USD,ARCONA-USD,2021-10-02,0.1330190002918243,0.1368480026721954,0.1281300038099289,0.1334729939699173,0.1334729939699173,76639
Arcona USD,ARCONA-USD,2021-10-03,0.133542999625206,0.1374460011720657,0.1321579962968826,0.1353279948234558,0.1353279948234558,71013
Arcona USD,ARCONA-USD,2021-10-04,0.1353480070829391,0.1353880017995834,0.1296660006046295,0.1332740038633346,0.1332740038633346,67325
Arcona USD,ARCONA-USD,2021-10-05,0.1332810074090957,0.1472910046577453,0.1325690001249313,0.1451639980077743,0.1451639980077743,78014
Arcona USD,ARCONA-USD,2021-10-06,0.1451160013675689,0.1461260020732879,0.137580007314682,0.1411219984292984,0.1411219984292984,78669
Arcona USD,ARCONA-USD,2021-10-07,0.1411190032958984,0.1417900025844574,0.1347900032997131,0.1351920068264007,0.1351920068264007,76295
Arcona USD,ARCONA-USD,2021-10-08,0.1351909935474395,0.1390579938888549,0.1334789991378784,0.1345160007476806,0.1345160007476806,75757
Arcona USD,ARCONA-USD,2021-10-09,0.1345220059156417,0.1382579952478408,0.1336890012025833,0.1356610059738159,0.1356610059738159,71669
Arcona USD,ARCONA-USD,2021-10-10,0.1356720030307769,0.1367730051279068,0.1297030001878738,0.1303939968347549,0.1303939968347549,68736
Arcona USD,ARCONA-USD,2021-10-11,0.1304070055484771,0.1352020055055618,0.1292469948530197,0.1317819952964782,0.1317819952964782,69698
Arcona USD,ARCONA-USD,2021-10-12,0.1317729949951172,0.1317729949951172,0.1262180060148239,0.1288419961929321,0.1288419961929321,68728
Arcona USD,ARCONA-USD,2021-10-13,0.1288560032844543,0.1301590055227279,0.1189740002155304,0.1247230023145675,0.1247230023145675,81658
Arcona USD,ARCONA-USD,2021-10-14,0.1247219964861869,0.1325110048055648,0.1244589984416961,0.129939004778862,0.129939004778862,77221
Arcona USD,ARCONA-USD,2021-10-15,0.1298570036888122,0.135354995727539,0.1285089999437332,0.1310999989509582,0.1310999989509582,78835
Arcona USD,ARCONA-USD,2021-10-16,0.1310579925775528,0.1321189999580383,0.1286190003156662,0.1294019967317581,0.1294019967317581,77831
Arcona USD,ARCONA-USD,2021-10-17,0.129393994808197,0.1317629963159561,0.1248309984803199,0.1291919946670532,0.1291919946670532,75943
Arcona USD,ARCONA-USD,2021-10-18,0.1290179938077926,0.1314869970083236,0.1253769993782043,0.1267679929733276,0.1267679929733276,73977
Arcona USD,ARCONA-USD,2021-10-19,0.1267939954996109,0.1294070035219192,0.123148001730442,0.1257659941911697,0.1257659941911697,79300
Arcona USD,ARCONA-USD,2021-10-20,0.1257829964160919,0.1322930008172989,0.1237289980053901,0.131288006901741,0.131288006901741,82939
Arcona USD,ARCONA-USD,2021-10-21,0.1313939988613128,0.13400499522686,0.1216529980301857,0.1219569966197013,0.1219569966197013,89320
Arcona USD,ARCONA-USD,2021-10-22,0.1218269988894462,0.1274580061435699,0.1152369976043701,0.1164470016956329,0.1164470016956329,93961
Arcona USD,ARCONA-USD,2021-10-23,0.1164460033178329,0.1210940033197403,0.1155230030417442,0.1210270002484321,0.1210270002484321,83009
Arcona USD,ARCONA-USD,2021-10-24,0.1210500001907348,0.1215690001845359,0.1152959987521171,0.1176640018820762,0.1176640018820762,81983
Arcona USD,ARCONA-USD,2021-10-25,0.1176630035042762,0.1222999989986419,0.1167019978165626,0.1191309988498687,0.1191309988498687,2776
Arcona USD,ARCONA-USD,2021-10-26,0.1191330030560493,0.1198849976062774,0.1147480010986328,0.1158500015735626,0.1158500015735626,3250
Arcona USD,ARCONA-USD,2021-10-27,0.1157760024070739,0.1181899979710578,0.1071240007877349,0.1078500002622604,0.1078500002622604,2162
Arcona USD,ARCONA-USD,2021-10-28,0.107692003250122,0.1196999996900558,0.1068990007042884,0.1196999996900558,0.1196999996900558,9842
Arcona USD,ARCONA-USD,2021-10-29,0.1197630017995834,0.3276979923248291,0.119728997349739,0.3273899853229522,0.3273899853229522,337794
Arcona USD,ARCONA-USD,2021-10-30,0.3274829983711242,1.416301965713501,0.3260209858417511,0.9867900013923644,0.9867900013923644,2191941
Arcona USD,ARCONA-USD,2021-10-31,0.9882019758224488,1.5377869606018066,0.9643740057945251,1.2369170188903809,1.2369170188903809,2245077
Arcona USD,ARCONA-USD,2021-11-01,1.2366269826889038,2.1092240810394287,1.064092993736267,2.085501909255981,2.085501909255981,1674957
Arcona USD,ARCONA-USD,2021-11-02,2.085313081741333,4.106360912322998,1.8135299682617188,2.384800910949707,2.384800910949707,4990185
Arcona USD,ARCONA-USD,2021-11-03,2.383452892303467,2.4039061069488525,1.468548059463501,1.820214033126831,1.820214033126831,3399479
Arcona USD,ARCONA-USD,2021-11-04,1.8210229873657229,1.8835090398788448,1.1636430025100708,1.2436909675598145,1.2436909675598145,1352416
Arcona USD,ARCONA-USD,2021-11-05,1.2432869672775269,1.645764946937561,1.1122920513153076,1.3604010343551636,1.3604010343551636,855334
Arcona USD,ARCONA-USD,2021-11-06,1.3616570234298706,1.402529001235962,0.9805089831352234,1.1372779607772827,1.1372779607772827,998214
Arcona USD,ARCONA-USD,2021-11-07,1.1375329494476318,1.3724310398101809,1.0601630210876465,1.1308109760284424,1.1308109760284424,699611
Arcona USD,ARCONA-USD,2021-11-08,1.1309659481048584,1.5807609558105469,0.9418910145759584,1.313493013381958,1.313493013381958,993298
Arcona USD,ARCONA-USD,2021-11-09,1.313601016998291,1.576581954956055,1.1416679620742798,1.396536946296692,1.396536946296692,1740285
Arcona USD,ARCONA-USD,2021-11-10,1.396170973777771,4.148962020874023,0.9987249970436096,1.241927981376648,1.241927981376648,941748
Arcona USD,ARCONA-USD,2021-11-11,1.2421289682388306,1.4139269590377808,1.158521056175232,1.2940289974212646,1.2940289974212646,653741
Arcona USD,ARCONA-USD,2021-11-12,1.2962830066680908,1.4541800022125244,0.8918750286102295,1.1520169973373413,1.1520169973373413,988548
Arcona USD,ARCONA-USD,2021-11-13,1.1508129835128784,1.3707669973373413,0.993705987930298,1.2717349529266355,1.2717349529266355,1095202
Arcona USD,ARCONA-USD,2021-11-14,1.271657943725586,1.333745002746582,0.9209290146827698,1.0848180055618286,1.0848180055618286,782935
Arcona USD,ARCONA-USD,2021-11-15,1.0844789743423462,1.1217269897460938,0.9074329733848572,0.96220600605011,0.96220600605011,531478
Arcona USD,ARCONA-USD,2021-11-16,0.9610859751701356,0.9610859751701356,0.7578089833259583,0.8362259864807129,0.8362259864807129,282875
Arcona USD,ARCONA-USD,2021-11-17,0.8350970149040222,1.035606026649475,0.8011789917945862,0.9518219828605652,0.9518219828605652,269714
Arcona USD,ARCONA-USD,2021-11-18,0.9521030187606812,0.986387014389038,0.7692369818687439,0.8587650060653687,0.8587650060653687,491854
Arcona USD,ARCONA-USD,2021-11-19,0.8597930073738098,0.9157440066337584,0.7686960101127625,0.8803619742393494,0.8803619742393494,303363
Arcona USD,ARCONA-USD,2021-11-20,0.8796740174293518,0.945510983467102,0.8235329985618591,0.9195449948310852,0.9195449948310852,197527
Arcona USD,ARCONA-USD,2021-11-21,0.9194579720497132,1.4114079475402832,0.9031069874763488,1.3952080011367798,1.3952080011367798,555289
Arcona USD,ARCONA-USD,2021-11-22,1.3986159563064575,1.4187129735946655,1.0827510356903076,1.1955209970474243,1.1955209970474243,493413
Arcona USD,ARCONA-USD,2021-11-23,1.1946300268173218,1.472633957862854,1.0563549995422363,1.1291619539260864,1.1291619539260864,311033
Arcona USD,ARCONA-USD,2021-11-24,1.1291730403900146,1.52743399143219,1.1291730403900146,1.2152899503707886,1.2152899503707886,216827
Arcona USD,ARCONA-USD,2021-11-25,1.2385109663009644,1.809061050415039,1.2178399562835691,1.3971649408340454,1.3971649408340454,176787
Arcona USD,ARCONA-USD,2021-11-26,1.7729660272598269,1.819457054138184,1.2525160312652588,1.3660190105438232,1.3660190105438232,683083
Arcona USD,ARCONA-USD,2021-11-27,1.3660609722137451,1.716277003288269,1.2832419872283936,1.520799994468689,1.520799994468689,543197
Arcona USD,ARCONA-USD,2021-11-28,1.5249509811401367,1.5271669626235962,1.3351080417633057,1.4748640060424805,1.4748640060424805,345128
Arcona USD,ARCONA-USD,2021-11-29,1.4754869937896729,1.6824649572372437,1.39860999584198,1.5943399667739868,1.5943399667739868,360941
Arcona USD,ARCONA-USD,2021-11-30,1.5945589542388916,1.7263250350952148,1.4306199550628662,1.557024002075195,1.557024002075195,397196
Arcona USD,ARCONA-USD,2021-12-01,1.5560959577560425,1.6182949542999268,1.221580982208252,1.3425840139389038,1.3425840139389038,534788
Arcona USD,ARCONA-USD,2021-12-02,1.3440730571746826,1.3721539974212646,1.170531988143921,1.208677053451538,1.208677053451538,471298
Arcona USD,ARCONA-USD,2021-12-03,1.208551049232483,1.2852729558944702,1.0819809436798096,1.1272209882736206,1.1272209882736206,295789
Arcona USD,ARCONA-USD,2021-12-04,1.1263970136642456,1.1474950313568115,0.8886240124702454,0.9990839958190918,0.9990839958190918,156215
Arcona USD,ARCONA-USD,2021-12-05,0.9985780119895936,1.0829349756240845,0.9428949952125548,0.96001797914505,0.96001797914505,232976
Arcona USD,ARCONA-USD,2021-12-06,0.9594110250473022,0.9764969944953918,0.8472890257835388,0.9301440119743348,0.9301440119743348,331842
Arcona USD,ARCONA-USD,2021-12-07,0.9306470155715942,1.031101942062378,0.9028890132904052,0.962240993976593,0.962240993976593,120106
Arcona USD,ARCONA-USD,2021-12-08,0.9620890021324158,1.3447680473327637,0.9180690050125122,1.085988998413086,1.085988998413086,195951
Arcona USD,ARCONA-USD,2021-12-09,1.0856109857559204,1.2217010259628296,0.8059509992599487,0.9792420268058776,0.9792420268058776,224615
Arcona USD,ARCONA-USD,2021-12-10,0.9783710241317748,1.0932869911193848,0.8959760069847107,1.0073000192642212,1.0073000192642212,196626
Arcona USD,ARCONA-USD,2021-12-11,1.0055609941482544,1.026777982711792,0.8670840263366699,0.9282960295677184,0.9282960295677184,139583
Arcona USD,ARCONA-USD,2021-12-12,0.9270169734954834,1.053773045539856,0.901630997657776,0.9172229766845704,0.9172229766845704,79069
Arcona USD,ARCONA-USD,2021-12-13,0.9173259735107422,1.1871720552444458,0.860692024230957,0.9139779806137084,0.9139779806137084,124527
Arcona USD,ARCONA-USD,2021-12-14,0.9146339893341064,1.0419620275497437,0.9120299816131592,1.0003459453582764,1.0003459453582764,160317
Arcona USD,ARCONA-USD,2021-12-15,0.9997739791870116,1.0384019613265991,0.8622530102729797,0.9449089765548706,0.9449089765548706,113433
Arcona USD,ARCONA-USD,2021-12-16,0.9445520043373108,1.003227949142456,0.9080430269241332,0.9211900234222412,0.9211900234222412,81235
Arcona USD,ARCONA-USD,2021-12-17,0.9219070076942444,0.9423480033874512,0.8584840297698975,0.8799769878387451,0.8799769878387451,109723
Arcona USD,ARCONA-USD,2021-12-18,0.8787990212440491,0.9676039814949036,0.8314700126647949,0.865526020526886,0.865526020526886,95592
Arcona USD,ARCONA-USD,2021-12-19,0.8656749725341797,0.8997859954833984,0.8372949957847595,0.8555160164833069,0.8555160164833069,86573
Arcona USD,ARCONA-USD,2021-12-20,0.8564310073852539,0.913017988204956,0.8233950138092041,0.8995969891548157,0.8995969891548157,87426
Arcona USD,ARCONA-USD,2021-12-21,0.899433970451355,0.899433970451355,0.6475210189819336,0.8755580186843872,0.8755580186843872,127401
Arcona USD,ARCONA-USD,2021-12-22,0.8756009936332703,0.9076840281486512,0.8581349849700928,0.8617640137672424,0.8617640137672424,156113
Arcona USD,ARCONA-USD,2021-12-23,0.8619080185890198,0.9148240089416504,0.8619080185890198,0.9055240154266356,0.9055240154266356,121409
Arcona USD,ARCONA-USD,2021-12-24,0.905555009841919,0.9225509762763976,0.8755210041999817,0.88053297996521,0.88053297996521,111412
Arcona USD,ARCONA-USD,2021-12-25,0.8807269930839539,0.9129599928855896,0.8638020157814026,0.8815330266952515,0.8815330266952515,76490
Arcona USD,ARCONA-USD,2021-12-26,0.8808240294456482,0.9249820113182068,0.8490269780158997,0.877403974533081,0.877403974533081,77615
Arcona USD,ARCONA-USD,2021-12-27,0.8774449825286865,0.9202719926834106,0.857807993888855,0.8679990172386169,0.8679990172386169,118383
Arcona USD,ARCONA-USD,2021-12-28,0.8678079843521118,0.9203959703445436,0.804951012134552,0.8112429976463318,0.8112429976463318,123504
Arcona USD,ARCONA-USD,2021-12-29,0.8114629983901978,0.8189659714698792,0.757125973701477,0.7608879804611206,0.7608879804611206,125191
Arcona USD,ARCONA-USD,2021-12-30,0.7602049708366394,0.7860450148582458,0.7344120144844055,0.740556001663208,0.740556001663208,106991
Arcona USD,ARCONA-USD,2021-12-31,0.7405149936676025,0.8453180193901062,0.7357159852981567,0.810073971748352,0.810073971748352,114270
Arcona USD,ARCONA-USD,2022-01-01,0.8101300001144409,0.8192030191421509,0.7551950216293335,0.7995020151138306,0.7995020151138306,56795
Arcona USD,ARCONA-USD,2022-01-02,0.7995020151138306,0.8920120000839233,0.729420006275177,0.8251789808273315,0.8251789808273315,67797
Arcona USD,ARCONA-USD,2022-01-03,0.825173020362854,0.832023024559021,0.7457559704780579,0.8070330023765564,0.8070330023765564,65468
Arcona USD,ARCONA-USD,2022-01-04,0.8070300221443176,0.8439480066299438,0.72434002161026,0.7934529781341553,0.7934529781341553,52282
Arcona USD,ARCONA-USD,2022-01-05,0.7934529781341553,0.8468919992446899,0.6883879899978638,0.7692480087280273,0.7692480087280273,184753
Arcona USD,ARCONA-USD,2022-01-06,0.7692199945449829,0.8016629815101624,0.6793829798698425,0.7472590208053589,0.7472590208053589,131699
Arcona USD,ARCONA-USD,2022-01-07,0.7472590208053589,0.747901976108551,0.655314028263092,0.6740949749946594,0.6740949749946594,95824
Arcona USD,ARCONA-USD,2022-01-08,0.6741470098495483,0.7297530174255371,0.6301169991493225,0.6301169991493225,0.6301169991493225,100316
Arcona USD,ARCONA-USD,2022-01-09,0.6300960183143616,0.7256479859352112,0.6116549968719482,0.700652003288269,0.700652003288269,88994
Arcona USD,ARCONA-USD,2022-01-10,0.6826670169830322,0.7303169965744019,0.6114100217819214,0.7163659930229187,0.7163659930229187,61244
Arcona USD,ARCONA-USD,2022-01-11,0.7097049951553345,0.7534559965133667,0.6288449764251709,0.7278059720993042,0.7278059720993042,79890
Arcona USD,ARCONA-USD,2022-01-12,0.728003978729248,0.748412013053894,0.6686789989471436,0.7153249979019165,0.7153249979019165,86230
Arcona USD,ARCONA-USD,2022-01-13,0.7153249979019165,0.7375969886779785,0.5899019837379456,0.680118978023529,0.680118978023529,79486
Arcona USD,ARCONA-USD,2022-01-14,0.6785789728164673,0.7117710113525391,0.6045899987220764,0.6313319802284241,0.6313319802284241,92920
Arcona USD,ARCONA-USD,2022-01-15,0.6313279867172241,0.6487060189247131,0.5951870083808899,0.6338480114936829,0.6338480114936829,79108
Arcona USD,ARCONA-USD,2022-01-16,0.633870005607605,0.677141010761261,0.5908529758453369,0.6512920260429382,0.6512920260429382,80775
Arcona USD,ARCONA-USD,2022-01-17,0.6513019800186157,0.6827089786529541,0.6363400220870972,0.6498209834098816,0.6498209834098816,85043
Arcona USD,ARCONA-USD,2022-01-18,0.6498209834098816,0.6542320251464844,0.6241909861564636,0.6329749822616577,0.6329749822616577,85727
Arcona USD,ARCONA-USD,2022-01-19,0.6329749822616577,0.6362220048904419,0.5793870091438293,0.5977259874343872,0.5977259874343872,89057
Arcona USD,ARCONA-USD,2022-01-20,0.5977259874343872,0.6268690228462219,0.5822769999504089,0.5825409889221191,0.5825409889221191,82183
Arcona USD,ARCONA-USD,2022-01-21,0.5825409889221191,0.6061310172080994,0.4472689926624298,0.484389990568161,0.484389990568161,79942
Arcona USD,ARCONA-USD,2022-01-22,0.484389990568161,0.5473350286483765,0.4246839880943298,0.4516859948635101,0.4516859948635101,123975
Arcona USD,ARCONA-USD,2022-01-23,0.4516859948635101,0.4847519993782043,0.4311049878597259,0.4603900015354156,0.4603900015354156,76616
Arcona USD,ARCONA-USD,2022-01-24,0.4603900015354156,0.4647929966449737,0.3876909911632538,0.4485459923744201,0.4485459923744201,59933
Arcona USD,ARCONA-USD,2022-01-25,0.4485490024089813,0.471996009349823,0.4291659891605377,0.4619489908218384,0.4619489908218384,51422
Arcona USD,ARCONA-USD,2022-01-26,0.4619489908218384,0.5462890267372131,0.4491550028324127,0.4766309857368469,0.4766309857368469,58993
Arcona USD,ARCONA-USD,2022-01-27,0.4766309857368469,0.5458250045776367,0.4214690029621124,0.4453920125961303,0.4453920125961303,62472
Arcona USD,ARCONA-USD,2022-01-28,0.4453920125961303,0.4552780091762543,0.4193510115146637,0.4525899887084961,0.4525899887084961,36367
Arcona USD,ARCONA-USD,2022-01-29,0.4525899887084961,0.488660991191864,0.4510279893875122,0.4718640148639679,0.4718640148639679,39428
Arcona USD,ARCONA-USD,2022-01-30,0.4719449877738952,0.4798029959201813,0.4583989977836609,0.4684990048408508,0.4684990048408508,54516
Arcona USD,ARCONA-USD,2022-01-31,0.4684990048408508,0.488315999507904,0.4613929986953735,0.4803610146045685,0.4803610146045685,44285
Arcona USD,ARCONA-USD,2022-02-01,0.4803610146045685,0.5404279828071594,0.4803610146045685,0.5260260105133057,0.5260260105133057,140910
Arcona USD,ARCONA-USD,2022-02-02,0.5260260105133057,0.530148983001709,0.4888550043106079,0.4930860102176666,0.4930860102176666,67578
Arcona USD,ARCONA-USD,2022-02-03,0.4930729866027832,0.5071880221366882,0.4604740142822265,0.4802359938621521,0.4802359938621521,56660
Arcona USD,ARCONA-USD,2022-02-04,0.4803319871425628,0.5451689958572388,0.4803319871425628,0.5365399718284607,0.5365399718284607,97057
Arcona USD,ARCONA-USD,2022-02-05,0.5365790128707886,0.5978800058364868,0.5365790128707886,0.5563290119171143,0.5563290119171143,97828
Arcona USD,ARCONA-USD,2022-02-06,0.5563259720802307,0.5805100202560425,0.537676990032196,0.57219398021698,0.57219398021698,86527
Arcona USD,ARCONA-USD,2022-02-07,0.5721960067749023,0.5912839770317078,0.5677729845046997,0.5682169795036316,0.5682169795036316,85517
Arcona USD,ARCONA-USD,2022-02-08,0.5682460069656372,0.5732750296592712,0.4932189881801605,0.5012949705123901,0.5012949705123901,256343
Arcona USD,ARCONA-USD,2022-02-09,0.5012949705123901,0.5336779952049255,0.4939819872379303,0.5328050255775452,0.5328050255775452,65215
Arcona USD,ARCONA-USD,2022-02-10,0.5328119993209839,0.5342569947242737,0.4934839904308319,0.4942069947719574,0.4942069947719574,75543
Arcona USD,ARCONA-USD,2022-02-11,0.4942069947719574,0.4942069947719574,0.4348030090332031,0.4398699998855591,0.4398699998855591,65660
Arcona USD,ARCONA-USD,2022-02-12,0.4398699998855591,0.4637469947338104,0.4372049868106842,0.4437989890575409,0.4437989890575409,48545
Arcona USD,ARCONA-USD,2022-02-13,0.443805992603302,0.4614529907703399,0.4388580024242401,0.4450060129165649,0.4450060129165649,47122
Arcona USD,ARCONA-USD,2022-02-14,0.4450060129165649,0.4682430028915405,0.4397430121898651,0.4439969956874847,0.4439969956874847,53478
Arcona USD,ARCONA-USD,2022-02-15,0.4439969956874847,0.4967510104179382,0.4422590136528015,0.4834980070590973,0.4834980070590973,72695
Arcona USD,ARCONA-USD,2022-02-16,0.4835630059242248,0.4835630059242248,0.4333019852638244,0.4508790075778961,0.4508790075778961,23038
Arcona USD,ARCONA-USD,2022-02-17,0.4507820010185241,0.4632270038127899,0.4150010049343109,0.4152339994907379,0.4152339994907379,24517
Arcona USD,ARCONA-USD,2022-02-18,0.4154010117053985,0.4304679930210113,0.4029189944267273,0.4302439987659454,0.4302439987659454,15489
Arcona USD,ARCONA-USD,2022-02-19,0.4301739931106567,0.4338420033454895,0.3843800127506256,0.4104569852352142,0.4104569852352142,13507
Arcona USD,ARCONA-USD,2022-02-20,0.4104659855365753,0.4110569953918457,0.3421159982681274,0.3954379856586456,0.3954379856586456,27213
Arcona USD,ARCONA-USD,2022-02-21,0.3953529894351959,0.4133050143718719,0.3482710123062134,0.349606990814209,0.349606990814209,27510
Arcona USD,ARCONA-USD,2022-02-22,0.349606990814209,0.3712449967861175,0.3375990092754364,0.359264999628067,0.359264999628067,32230
Arcona USD,ARCONA-USD,2022-02-23,0.359264999628067,0.3730520009994507,0.3516629934310913,0.3516629934310913,0.3516629934310913,19177
Arcona USD,ARCONA-USD,2022-02-24,0.3515610098838806,0.3515610098838806,0.3037639856338501,0.3448520004749298,0.3448520004749298,54613
Arcona USD,ARCONA-USD,2022-02-25,0.344864010810852,0.3518419861793518,0.3410030007362366,0.3493190109729767,0.3493190109729767,64349
Arcona USD,ARCONA-USD,2022-02-26,0.3493190109729767,0.3748520016670227,0.3493190109729767,0.3702389895915985,0.3702389895915985,65736
Arcona USD,ARCONA-USD,2022-02-27,0.3702310025691986,0.4277830123901367,0.3417569994926452,0.3475219905376434,0.3475219905376434,60790
Arcona USD,ARCONA-USD,2022-02-28,0.3475219905376434,0.4094550013542175,0.3456439971923828,0.3609600067138672,0.3609600067138672,69555
Arcona USD,ARCONA-USD,2022-03-01,0.3609760105609894,0.4189310073852539,0.3609760105609894,0.4126949906349182,0.4126949906349182,73101
Arcona USD,ARCONA-USD,2022-03-02,0.4126949906349182,0.4226469993591308,0.397938996553421,0.4098699986934662,0.4098699986934662,88158
Arcona USD,ARCONA-USD,2022-03-03,0.4098699986934662,0.4113979935646057,0.4013670086860657,0.4041990041732788,0.4041990041732788,71758
Arcona USD,ARCONA-USD,2022-03-04,0.4042080044746399,0.411404013633728,0.3478490114212036,0.3605549931526184,0.3605549931526184,76164
Arcona USD,ARCONA-USD,2022-03-05,0.3605999946594238,0.3718400001525879,0.3420450091361999,0.3426010012626648,0.3426010012626648,20371
Arcona USD,ARCONA-USD,2022-03-06,0.3426060080528259,0.3864130079746246,0.3360289931297302,0.336650013923645,0.336650013923645,31575
Arcona USD,ARCONA-USD,2022-03-07,0.3366599977016449,0.3550919890403747,0.3322150111198425,0.3370710015296936,0.3370710015296936,43184
Arcona USD,ARCONA-USD,2022-03-08,0.3370620012283325,0.3607870042324066,0.3319030106067657,0.3592639863491058,0.3592639863491058,56908
Arcona USD,ARCONA-USD,2022-03-09,0.3592660129070282,0.3777559995651245,0.3589079976081848,0.3774699866771698,0.3774699866771698,66803
Arcona USD,ARCONA-USD,2022-03-10,0.3774609863758087,0.3775629997253418,0.3485769927501678,0.3565550148487091,0.3565550148487091,74699
Arcona USD,ARCONA-USD,2022-03-11,0.356561005115509,0.3591069877147674,0.3539659976959228,0.3539659976959228,0.3539659976959228,66954
Arcona USD,ARCONA-USD,2022-03-12,0.3539659976959228,0.3584589958190918,0.3539659976959228,0.358269989490509,0.358269989490509,54259
Arcona USD,ARCONA-USD,2022-03-13,0.3582629859447479,0.3590730130672455,0.3562720119953155,0.3569349944591522,0.3569349944591522,58121
Arcona USD,ARCONA-USD,2022-03-14,0.3569230139255523,0.3577969968318939,0.3511979877948761,0.3532919883728027,0.3532919883728027,71023
Arcona USD,ARCONA-USD,2022-03-15,0.3532840013504028,0.3566110134124756,0.3047980070114136,0.343189001083374,0.343189001083374,61597
Arcona USD,ARCONA-USD,2022-03-16,0.3431879878044128,0.367929995059967,0.3431879878044128,0.3630970120429992,0.3630970120429992,97568
Arcona USD,ARCONA-USD,2022-03-17,0.3630959987640381,0.3642500042915344,0.3615469932556152,0.3617579936981201,0.3617579936981201,53459
Arcona USD,ARCONA-USD,2022-03-18,0.361748993396759,0.3641499876976013,0.3516530096530914,0.3537929952144623,0.3537929952144623,79087
Arcona USD,ARCONA-USD,2022-03-19,0.3537859916687011,0.381316989660263,0.3512609899044037,0.3705280125141144,0.3705280125141144,89441
Arcona USD,ARCONA-USD,2022-03-20,0.3705280125141144,0.3728210031986236,0.3643729984760284,0.3663110136985779,0.3663110136985779,75016
Arcona USD,ARCONA-USD,2022-03-21,0.3663110136985779,0.3743230104446411,0.3663110136985779,0.372308999300003,0.372308999300003,68573
Arcona USD,ARCONA-USD,2022-03-22,0.3723079860210418,0.3870890140533447,0.3723079860210418,0.3790929913520813,0.3790929913520813,90318
Arcona USD,ARCONA-USD,2022-03-23,0.3790970146656036,0.3842589855194092,0.3720169961452484,0.3803330063819885,0.3803330063819885,67508
Arcona USD,ARCONA-USD,2022-03-24,0.3803490102291107,0.3992379903793335,0.3803490102291107,0.3945850133895874,0.3945850133895874,81517
Arcona USD,ARCONA-USD,2022-03-25,0.3945890069007873,0.4011580049991607,0.392643004655838,0.3934569954872131,0.3934569954872131,80520
Arcona USD,ARCONA-USD,2022-03-26,0.3934600055217743,0.4020299911499023,0.3930160105228424,0.4000310003757477,0.4000310003757477,80165
Arcona USD,ARCONA-USD,2022-03-27,0.4000380039215088,0.4052760004997253,0.3993119895458221,0.4014990031719208,0.4014990031719208,74307
Arcona USD,ARCONA-USD,2022-03-28,0.4014999866485595,0.4042640030384063,0.3679080009460449,0.4014889895915985,0.4014889895915985,72100
Arcona USD,ARCONA-USD,2022-03-29,0.4014720022678375,0.4546560049057007,0.4014720022678375,0.4231890141963959,0.4231890141963959,68932
Arcona USD,ARCONA-USD,2022-03-30,0.4231759905815124,0.4339790046215057,0.4172030091285705,0.4309200048446655,0.4309200048446655,73298
Arcona USD,ARCONA-USD,2022-03-31,0.4309169948101043,0.4354529976844787,0.3966780006885528,0.4025329947471618,0.4025329947471618,93091
Arcona USD,ARCONA-USD,2022-04-01,0.402554988861084,0.413904994726181,0.3908100128173828,0.4122509956359863,0.4122509956359863,94137
Arcona USD,ARCONA-USD,2022-04-02,0.4122509956359863,0.4190979897975921,0.4086900055408478,0.4151610136032104,0.4151610136032104,79671
Arcona USD,ARCONA-USD,2022-04-03,0.4151610136032104,0.4162339866161346,0.4106970131397247,0.4157859981060028,0.4157859981060028,74016
Arcona USD,ARCONA-USD,2022-04-04,0.415787011384964,0.415787011384964,0.3851499855518341,0.4000490009784698,0.4000490009784698,71715
Arcona USD,ARCONA-USD,2022-04-05,0.4000490009784698,0.4000490009784698,0.3699640035629272,0.3763110041618347,0.3763110041618347,101432
Arcona USD,ARCONA-USD,2022-04-06,0.3763119876384735,0.3763119876384735,0.3599629998207092,0.3599640130996704,0.3599640130996704,78687
Arcona USD,ARCONA-USD,2022-04-07,0.3599640130996704,0.367913007736206,0.3563069999217987,0.3643819987773895,0.3643819987773895,72426
Arcona USD,ARCONA-USD,2022-04-08,0.3643819987773895,0.3682770133018493,0.3587439954280853,0.3620330095291137,0.3620330095291137,76596
Arcona USD,ARCONA-USD,2022-04-09,0.3620330095291137,0.3661530017852783,0.3541440069675445,0.355675995349884,0.355675995349884,65996
Arcona USD,ARCONA-USD,2022-04-10,0.355673998594284,0.3609929978847503,0.3457089960575104,0.3460380136966705,0.3460380136966705,63506
Arcona USD,ARCONA-USD,2022-04-11,0.3460440039634704,0.3525170087814331,0.3106040060520172,0.3106040060520172,0.3106040060520172,74393
Arcona USD,ARCONA-USD,2022-04-12,0.3106040060520172,0.3114599883556366,0.3008719980716705,0.301468014717102,0.301468014717102,64319
Arcona USD,ARCONA-USD,2022-04-13,0.301468014717102,0.3049170076847076,0.3004040122032165,0.3013280034065246,0.3013280034065246,56511
Arcona USD,ARCONA-USD,2022-04-14,0.3013280034065246,0.302715003490448,0.2996929883956909,0.3004260063171386,0.3004260063171386,74970
Arcona USD,ARCONA-USD,2022-04-15,0.3004260063171386,0.3038760125637054,0.2989369928836822,0.3024840056896209,0.3024840056896209,62355
Arcona USD,ARCONA-USD,2022-04-16,0.3024840056896209,0.3044430017471313,0.3016780018806457,0.3039329946041107,0.3039329946041107,67946
Arcona USD,ARCONA-USD,2022-04-17,0.3039329946041107,0.3078159987926483,0.3027729988098144,0.3039759993553161,0.3039759993553161,78275
Arcona USD,ARCONA-USD,2022-04-18,0.3039770126342773,0.3040759861469269,0.29932901263237,0.3035520017147064,0.3035520017147064,79563
Arcona USD,ARCONA-USD,2022-04-19,0.3035520017147064,0.3043070137500763,0.3015699982643127,0.303398996591568,0.303398996591568,72408
Arcona USD,ARCONA-USD,2022-04-20,0.303398996591568,0.3036890029907226,0.2932240068912506,0.2944110035896301,0.2944110035896301,83508
Arcona USD,ARCONA-USD,2022-04-21,0.2944110035896301,0.3019919991493225,0.2938269972801208,0.2996520102024078,0.2996520102024078,84724
Arcona USD,ARCONA-USD,2022-04-22,0.2996349930763244,0.3015350103378296,0.2964729964733124,0.2969819903373718,0.2969819903373718,82006
Arcona USD,ARCONA-USD,2022-04-23,0.2969819903373718,0.2981710135936737,0.2785100042819977,0.2785100042819977,0.2785100042819977,58261
Arcona USD,ARCONA-USD,2022-04-24,0.2785100042819977,0.2793349921703338,0.2767109870910644,0.27708300948143,0.27708300948143,58755
Arcona USD,ARCONA-USD,2022-04-25,0.27708300948143,0.2774420082569122,0.2124820053577423,0.2245939970016479,0.2245939970016479,193566
Arcona USD,ARCONA-USD,2022-04-26,0.224601998925209,0.2372280061244964,0.2234410047531128,0.2347429990768432,0.2347429990768432,62810
Arcona USD,ARCONA-USD,2022-04-27,0.2347439974546432,0.2349949926137924,0.2161999940872192,0.2332219928503036,0.2332219928503036,56520
Arcona USD,ARCONA-USD,2022-04-28,0.2332219928503036,0.2332219928503036,0.2155500054359436,0.2253389954566955,0.2253389954566955,73877
Arcona USD,ARCONA-USD,2022-04-29,0.2253369987010955,0.2335730046033859,0.224820002913475,0.2276889979839325,0.2276889979839325,73698
Arcona USD,ARCONA-USD,2022-04-30,0.2276850044727325,0.2289779931306839,0.2066590040922165,0.2079450041055679,0.2079450041055679,82079
Arcona USD,ARCONA-USD,2022-05-01,0.2079440057277679,0.2140820026397705,0.2050639986991882,0.2131060063838958,0.2131060063838958,54635
Arcona USD,ARCONA-USD,2022-05-02,0.2131060063838958,0.2285149991512298,0.2110169976949691,0.2135590016841888,0.2135590016841888,64210
Arcona USD,ARCONA-USD,2022-05-03,0.2135590016841888,0.2138880044221878,0.2006780058145523,0.2019519954919815,0.2019519954919815,69743
Arcona USD,ARCONA-USD,2022-05-04,0.2019460052251815,0.2086690068244934,0.2014369964599609,0.20660300552845,0.20660300552845,52193
Arcona USD,ARCONA-USD,2022-05-05,0.2065989971160888,0.2120179980993271,0.2055979967117309,0.2062010020017624,0.2062010020017624,62419
Arcona USD,ARCONA-USD,2022-05-06,0.2061980068683624,0.2071209996938705,0.1774310022592544,0.1999070048332214,0.1999070048332214,66504
Arcona USD,ARCONA-USD,2022-05-07,0.1999049931764602,0.2081180065870285,0.1840649992227554,0.1854099929332733,0.1854099929332733,57397
Arcona USD,ARCONA-USD,2022-05-08,0.1854099929332733,0.1860630065202713,0.1834989935159683,0.1839489936828613,0.1839489936828613,53018
Arcona USD,ARCONA-USD,2022-05-09,0.1839489936828613,0.1851409971714019,0.1615100055932998,0.1630959957838058,0.1630959957838058,48554
Arcona USD,ARCONA-USD,2022-05-10,0.1630800068378448,0.1761990040540695,0.1626870036125183,0.17221499979496,0.17221499979496,91004
Arcona USD,ARCONA-USD,2022-05-11,0.1722099930047989,0.1753019988536834,0.1463889926671981,0.1466380059719085,0.1466380059719085,43614
Arcona USD,ARCONA-USD,2022-05-12,0.1466449946165084,0.1484110057353973,0.1135839968919754,0.120956003665924,0.120956003665924,74167
Arcona USD,ARCONA-USD,2022-05-13,0.1209250018000602,0.1459529995918274,0.1209250018000602,0.1449860036373138,0.1449860036373138,71701
Arcona USD,ARCONA-USD,2022-05-14,0.1449870020151138,0.1455450057983398,0.1163429990410804,0.1257549971342086,0.1257549971342086,76217
Arcona USD,ARCONA-USD,2022-05-15,0.1257539987564087,0.1387549936771392,0.1248970031738281,0.1343200057744979,0.1343200057744979,59412
Arcona USD,ARCONA-USD,2022-05-16,0.1343230009078979,0.1392930001020431,0.1343230009078979,0.1390399932861328,0.1390399932861328,77223
Arcona USD,ARCONA-USD,2022-05-17,0.1390389949083328,0.1446249932050705,0.1384010016918182,0.1398770064115524,0.1398770064115524,53514
Arcona USD,ARCONA-USD,2022-05-18,0.1398770064115524,0.1410650014877319,0.1380590051412582,0.1385030001401901,0.1385030001401901,52106
Arcona USD,ARCONA-USD,2022-05-19,0.138497993350029,0.142207995057106,0.128270998597145,0.1288769990205764,0.1288769990205764,57897
Arcona USD,ARCONA-USD,2022-05-20,0.1288720071315765,0.1429750025272369,0.128489002585411,0.1395899951457977,0.1395899951457977,71204
Arcona USD,ARCONA-USD,2022-05-21,0.1395920068025589,0.1395920068025589,0.1381399929523468,0.1387410014867782,0.1387410014867782,68371
Arcona USD,ARCONA-USD,2022-05-22,0.1387429982423782,0.1387429982423782,0.1361960023641586,0.1366720050573349,0.1366720050573349,54112
Arcona USD,ARCONA-USD,2022-05-23,0.1366710066795349,0.1441349983215332,0.1365270018577575,0.1424520015716552,0.1424520015716552,54056
Arcona USD,ARCONA-USD,2022-05-24,0.1424469947814941,0.142995998263359,0.1420309990644455,0.1424189954996109,0.1424189954996109,67070
Arcona USD,ARCONA-USD,2022-05-25,0.1424160003662109,0.1432829946279525,0.1377270072698593,0.1377290040254593,0.1377290040254593,60088
Arcona USD,ARCONA-USD,2022-05-26,0.1377280056476593,0.1379860043525695,0.1307899951934814,0.1313910037279129,0.1313910037279129,60181
Arcona USD,ARCONA-USD,2022-05-27,0.1313900053501129,0.1315570026636123,0.1227430030703544,0.1230439990758895,0.1230439990758895,62797
Arcona USD,ARCONA-USD,2022-05-28,0.1233600005507469,0.1238500028848648,0.1221949979662895,0.1236239969730377,0.1236239969730377,59218
Arcona USD,ARCONA-USD,2022-05-29,0.1236229985952377,0.1237249970436096,0.1224239990115165,0.1237189993262291,0.1237189993262291,55477
Arcona USD,ARCONA-USD,2022-05-30,0.1237189993262291,0.127932995557785,0.1232189983129501,0.1272089928388595,0.1272089928388595,62393
Arcona USD,ARCONA-USD,2022-05-31,0.1272079944610595,0.2437400072813034,0.1271509975194931,0.2204560041427612,0.2204560041427612,309935
Arcona USD,ARCONA-USD,2022-06-01,0.2204560041427612,0.2360029965639114,0.185695007443428,0.1862529963254928,0.1862529963254928,133712
Arcona USD,ARCONA-USD,2022-06-02,0.1862300038337707,0.2011619955301284,0.1654990017414093,0.1668149977922439,0.1668149977922439,66911
Arcona USD,ARCONA-USD,2022-06-03,0.166812002658844,0.190662994980812,0.157151997089386,0.1587139964103698,0.1587139964103698,57643
Arcona USD,ARCONA-USD,2022-06-04,0.158717006444931,0.194483995437622,0.158717006444931,0.1930209994316101,0.1930209994316101,42107
Arcona USD,ARCONA-USD,2022-06-05,0.1930209994316101,0.1942179948091507,0.1897429972887039,0.1935169994831085,0.1935169994831085,39598
Arcona USD,ARCONA-USD,2022-06-06,0.1935150027275085,0.2098989933729171,0.1915780007839203,0.2088869959115982,0.2088869959115982,54681
Arcona USD,ARCONA-USD,2022-06-07,0.2088869959115982,0.2091600000858307,0.1991479992866516,0.208963006734848,0.208963006734848,52072
Arcona USD,ARCONA-USD,2022-06-08,0.208964005112648,0.2090609967708587,0.2013040035963058,0.2034569978713989,0.2034569978713989,52817
Arcona USD,ARCONA-USD,2022-06-09,0.2034589946269989,0.2058880031108856,0.2034589946269989,0.2046909928321838,0.2046909928321838,49017
Arcona USD,ARCONA-USD,2022-06-10,0.2046969980001449,0.2066539973020553,0.2030099928379058,0.2033230066299438,0.2033230066299438,48499
Arcona USD,ARCONA-USD,2022-06-11,0.2033240050077438,0.2047850042581558,0.118926003575325,0.122927002608776,0.122927002608776,124694
Arcona USD,ARCONA-USD,2022-06-12,0.1228919997811317,0.1252930015325546,0.1138349995017051,0.1203410029411315,0.1203410029411315,31184
Arcona USD,ARCONA-USD,2022-06-13,0.1202939972281456,0.1202939972281456,0.0983199998736381,0.1010890007019043,0.1010890007019043,27988
Arcona USD,ARCONA-USD,2022-06-14,0.1010890007019043,0.1052469983696937,0.0898270010948181,0.1006899997591972,0.1006899997591972,38117
Arcona USD,ARCONA-USD,2022-06-15,0.1006779968738555,0.1063679978251457,0.0773959979414939,0.1044130027294159,0.1044130027294159,28332
Arcona USD,ARCONA-USD,2022-06-16,0.104431003332138,0.104431003332138,0.0825930014252662,0.083585999906063,0.083585999906063,49212
Arcona USD,ARCONA-USD,2022-06-17,0.0835919976234436,0.0935819968581199,0.0810270011425018,0.0883990004658699,0.0883990004658699,12272
Arcona USD,ARCONA-USD,2022-06-18,0.0883919969201088,0.0896719992160797,0.0654240027070045,0.0752940028905868,0.0752940028905868,12146
Arcona USD,ARCONA-USD,2022-06-19,0.0752869993448257,0.080995000898838,0.0658280029892921,0.0785069987177848,0.0785069987177848,17477
Arcona USD,ARCONA-USD,2022-06-20,0.0785060003399849,0.0913259983062744,0.0747409984469413,0.0855389982461929,0.0855389982461929,20903
Arcona USD,ARCONA-USD,2022-06-21,0.0855320021510124,0.0908230021595954,0.0773909986019134,0.0876400023698806,0.0876400023698806,12151
Arcona USD,ARCONA-USD,2022-06-22,0.0876649990677833,0.0876649990677833,0.076953999698162,0.0833519995212555,0.0833519995212555,7983
Arcona USD,ARCONA-USD,2022-06-23,0.0833479985594749,0.0913420021533966,0.0825849995017051,0.0871340036392211,0.0871340036392211,14354
Arcona USD,ARCONA-USD,2022-06-24,0.0871260017156601,0.0871260017156601,0.0581879988312721,0.0654489994049072,0.0654489994049072,82375
Arcona USD,ARCONA-USD,2022-06-25,0.0654670000076294,0.0761570036411285,0.0625860020518302,0.0658129975199699,0.0658129975199699,44363
Arcona USD,ARCONA-USD,2022-06-26,0.0657960027456283,0.0863690003752708,0.0653190016746521,0.074023000895977,0.074023000895977,31339
Arcona USD,ARCONA-USD,2022-06-27,0.0740180015563964,0.0840739980340004,0.0740180015563964,0.0756099969148635,0.0756099969148635,31345
Arcona USD,ARCONA-USD,2022-06-28,0.0755909979343414,0.0767100006341934,0.0717319995164871,0.0729060024023056,0.0729060024023056,21648
Arcona USD,ARCONA-USD,2022-06-29,0.072903998196125,0.0808610022068023,0.0620060004293918,0.0645169988274574,0.0645169988274574,21335
Arcona USD,ARCONA-USD,2022-06-30,0.0645169988274574,0.0819950029253959,0.0636020004749298,0.0777600035071373,0.0777600035071373,29614
Arcona USD,ARCONA-USD,2022-07-01,0.0778170004487037,0.0826539993286132,0.0693269968032836,0.0742779970169067,0.0742779970169067,32090
Arcona USD,ARCONA-USD,2022-07-02,0.0742940008640289,0.0751219987869262,0.0605520009994506,0.0618980005383491,0.0618980005383491,19166
Arcona USD,ARCONA-USD,2022-07-03,0.0618980005383491,0.0730430036783218,0.0607759989798069,0.0696550011634826,0.0696550011634826,15015
Arcona USD,ARCONA-USD,2022-07-04,0.0696559995412826,0.077285997569561,0.0670270025730133,0.072451002895832,0.072451002895832,16738
Arcona USD,ARCONA-USD,2022-07-05,0.0724290013313293,0.0797960013151168,0.0715269967913627,0.0778969973325729,0.0778969973325729,13009
Arcona USD,ARCONA-USD,2022-07-06,0.077904000878334,0.0780389979481697,0.072564996778965,0.077453002333641,0.077453002333641,17516
Arcona USD,ARCONA-USD,2022-07-07,0.0774519965052604,0.0901490002870559,0.0752130001783371,0.0894590020179748,0.0894590020179748,33493
Arcona USD,ARCONA-USD,2022-07-08,0.0894580036401748,0.0917330011725425,0.0886769965291023,0.0906739979982376,0.0906739979982376,11132
Arcona USD,ARCONA-USD,2022-07-09,0.090668998658657,0.090668998658657,0.0861859992146492,0.0875810012221336,0.0875810012221336,13595
Arcona USD,ARCONA-USD,2022-07-10,0.087578997015953,0.087578997015953,0.0823550000786781,0.0827260017395019,0.0827260017395019,12402
Arcona USD,ARCONA-USD,2022-07-11,0.0827250033617019,0.0827250033617019,0.0762500017881393,0.0766680017113685,0.0766680017113685,7542
Arcona USD,ARCONA-USD,2022-07-12,0.0766680017113685,0.0767389982938766,0.0738890022039413,0.0740059986710548,0.0740059986710548,8603
Arcona USD,ARCONA-USD,2022-07-13,0.0740059986710548,0.0992640033364296,0.0726080015301704,0.0856729969382286,0.0856729969382286,121003
Arcona USD,ARCONA-USD,2022-07-14,0.0856610015034675,0.0872299969196319,0.0682249963283538,0.0862630009651184,0.0862630009651184,78876
Arcona USD,ARCONA-USD,2022-07-15,0.0862699970602989,0.0923810005187988,0.0832829996943473,0.0913690030574798,0.0913690030574798,17327
Arcona USD,ARCONA-USD,2022-07-16,0.0913579985499382,0.0913579985499382,0.0860309973359108,0.0909529998898506,0.0909529998898506,15937
Arcona USD,ARCONA-USD,2022-07-17,0.0909570008516311,0.1053439974784851,0.0892269983887672,0.1027870029211044,0.1027870029211044,18207
Arcona USD,ARCONA-USD,2022-07-18,0.1027939990162849,0.1090470030903816,0.0920559987425804,0.107073999941349,0.107073999941349,27034
Arcona USD,ARCONA-USD,2022-07-19,0.1070649996399879,0.1070649996399879,0.0926470011472702,0.0944600030779838,0.0944600030779838,18804
Arcona USD,ARCONA-USD,2022-07-20,0.0944589972496032,0.1052090004086494,0.0924160033464431,0.1036640033125877,0.1036640033125877,16895
Arcona USD,ARCONA-USD,2022-07-21,0.1036669984459877,0.1069220006465911,0.0832760035991668,0.0940050035715103,0.0940050035715103,17826
Arcona USD,ARCONA-USD,2022-07-22,0.0940050035715103,0.0952500030398368,0.0890770033001899,0.09009700268507,0.09009700268507,17041
Arcona USD,ARCONA-USD,2022-07-23,0.0900880023837089,0.0904759988188743,0.0849639996886253,0.0900069996714592,0.0900069996714592,11739
Arcona USD,ARCONA-USD,2022-07-24,0.0900060012936592,0.0943149998784065,0.0881259962916374,0.0912009999155998,0.0912009999155998,8760
Arcona USD,ARCONA-USD,2022-07-25,0.0911990031599998,0.0918200016021728,0.0855010002851486,0.088977999985218,0.088977999985218,8947
Arcona USD,ARCONA-USD,2022-07-26,0.088976003229618,0.0958120003342628,0.0858300030231475,0.0958120003342628,0.0958120003342628,12669
Arcona USD,ARCONA-USD,2022-07-27,0.0958649963140487,0.0961619988083839,0.0856140032410621,0.0916450023651123,0.0916450023651123,30455
Arcona USD,ARCONA-USD,2022-07-28,0.0916450023651123,0.1010330021381378,0.0904619991779327,0.0986649990081787,0.0986649990081787,10750
Arcona USD,ARCONA-USD,2022-07-29,0.0986659973859787,0.1051530018448829,0.0976769998669624,0.104823000729084,0.104823000729084,10501
Arcona USD,ARCONA-USD,2022-07-30,0.1048199981451034,0.1049849987030029,0.0968310013413429,0.09757000207901,0.09757000207901,15599
Arcona USD,ARCONA-USD,2022-07-31,0.0975679978728294,0.1154000014066696,0.0975679978728294,0.1148340031504631,0.1148340031504631,26569
Arcona USD,ARCONA-USD,2022-08-01,0.1148310005664825,0.1154989972710609,0.0990649983286857,0.1064679995179176,0.1064679995179176,32084
Arcona USD,ARCONA-USD,2022-08-02,0.1064419969916343,0.1070370003581047,0.0960889980196952,0.0963549986481666,0.0963549986481666,3135
Arcona USD,ARCONA-USD,2022-08-03,0.0963540002703666,0.0989099964499473,0.0950110033154487,0.0972649976611137,0.0972649976611137,7309
Arcona USD,ARCONA-USD,2022-08-04,0.0972660034894943,0.1042080000042915,0.0946229994297027,0.1008109971880912,0.1008109971880912,17075
Arcona USD,ARCONA-USD,2022-08-05,0.1005460023880004,0.1092550009489059,0.0992679968476295,0.1032129973173141,0.1032129973173141,16532
Arcona USD,ARCONA-USD,2022-08-06,0.1032209992408752,0.1132190003991127,0.1016419976949691,0.1097659990191459,0.1097659990191459,27910
Arcona USD,ARCONA-USD,2022-08-07,0.1097690016031265,0.109943002462387,0.1029469966888427,0.1054330021142959,0.1054330021142959,12430
Arcona USD,ARCONA-USD,2022-08-08,0.1054349988698959,0.1089809983968734,0.1044510006904602,0.108654998242855,0.108654998242855,12934
Arcona USD,ARCONA-USD,2022-08-09,0.1086580008268356,0.11005499958992,0.1052180007100105,0.1056590005755424,0.1056590005755424,10809
Arcona USD,ARCONA-USD,2022-08-10,0.1056580021977424,0.1166429966688156,0.100330002605915,0.1159640029072761,0.1159640029072761,10831
Arcona USD,ARCONA-USD,2022-08-11,0.1159640029072761,0.1176759973168373,0.0802410021424293,0.0891529992222786,0.0891529992222786,91446
Arcona USD,ARCONA-USD,2022-08-12,0.0891539976000785,0.0931600034236908,0.0889640003442764,0.0931600034236908,0.0931600034236908,7858
Arcona USD,ARCONA-USD,2022-08-13,0.0931710004806518,0.0964239984750747,0.0913090035319328,0.0938640013337135,0.0938640013337135,7121
Arcona USD,ARCONA-USD,2022-08-14,0.0938740000128746,0.0956630036234855,0.0878800004720687,0.0906319990754127,0.0906319990754127,16020
Arcona USD,ARCONA-USD,2022-08-15,0.0906329974532127,0.0922729969024658,0.0895700007677078,0.0898400023579597,0.0898400023579597,15418
Arcona USD,ARCONA-USD,2022-08-16,0.0898300036787986,0.0913280025124549,0.0895240008831024,0.0902429968118667,0.0902429968118667,13148
Arcona USD,ARCONA-USD,2022-08-17,0.0902419984340667,0.0914779976010322,0.0890960022807121,0.0896760001778602,0.0896760001778602,13324
Arcona USD,ARCONA-USD,2022-08-18,0.0896769985556602,0.09060999751091,0.0890000015497207,0.0896549969911575,0.0896549969911575,13465
Arcona USD,ARCONA-USD,2022-08-19,0.0896549969911575,0.0901010036468505,0.0725710019469261,0.0772870033979415,0.0772870033979415,18098
Arcona USD,ARCONA-USD,2022-08-20,0.077284999191761,0.0898429974913597,0.0737619996070861,0.075713999569416,0.075713999569416,13024
Arcona USD,ARCONA-USD,2022-08-21,0.075713999569416,0.0766780003905296,0.0745910033583641,0.0756630003452301,0.0756630003452301,15618
Arcona USD,ARCONA-USD,2022-08-22,0.0756890028715133,0.0758870020508766,0.0745749995112419,0.075142003595829,0.075142003595829,13911
Arcona USD,ARCONA-USD,2022-08-23,0.075142003595829,0.0760490000247955,0.0747620016336441,0.0749939978122711,0.0749939978122711,19665
Arcona USD,ARCONA-USD,2022-08-24,0.0749950036406517,0.0759499967098236,0.0743269994854927,0.0759060010313987,0.0759060010313987,14523
Arcona USD,ARCONA-USD,2022-08-25,0.0759060010313987,0.0763700008392334,0.0736880004405975,0.0743699967861175,0.0743699967861175,12523
Arcona USD,ARCONA-USD,2022-08-26,0.0743689984083175,0.0744649991393089,0.0668530017137527,0.0668729990720748,0.0668729990720748,11265
Arcona USD,ARCONA-USD,2022-08-27,0.0668739974498748,0.0716509968042373,0.0651919990777969,0.0704009979963302,0.0704009979963302,9539
Arcona USD,ARCONA-USD,2022-08-28,0.0703969970345497,0.0704960003495216,0.0660910010337829,0.0661719962954521,0.0661719962954521,10417
Arcona USD,ARCONA-USD,2022-08-29,0.0661709979176521,0.070433996617794,0.0640600025653839,0.0703980028629303,0.0703980028629303,10164
Arcona USD,ARCONA-USD,2022-08-30,0.0703990012407302,0.0706849992275238,0.0531870014965534,0.0568219982087612,0.0568219982087612,49360
Arcona USD,ARCONA-USD,2022-08-31,0.0568230003118515,0.0606210008263587,0.0557169988751411,0.0566789992153644,0.0566789992153644,11531
Arcona USD,ARCONA-USD,2022-09-01,0.0566800013184547,0.0604929998517036,0.0554339997470378,0.060478001832962,0.060478001832962,8594
Arcona USD,ARCONA-USD,2022-09-02,0.0604670010507106,0.0658129975199699,0.0597099997103214,0.0626489967107772,0.0626489967107772,2510
Arcona USD,ARCONA-USD,2022-09-03,0.0626500025391578,0.0626500025391578,0.0592369996011257,0.061694998294115,0.061694998294115,2806
Arcona USD,ARCONA-USD,2022-09-04,0.061693999916315,0.0639789998531341,0.0616119988262653,0.0637340024113655,0.0637340024113655,14361
Arcona USD,ARCONA-USD,2022-09-05,0.0637340024113655,0.0653169974684715,0.0632150024175643,0.0653129965066909,0.0653129965066909,25586
Arcona USD,ARCONA-USD,2022-09-06,0.0653119981288909,0.0676420032978057,0.0629820004105568,0.0629829987883567,0.0629829987883567,26661
Arcona USD,ARCONA-USD,2022-09-07,0.0629810020327568,0.0650959983468055,0.0538030005991458,0.0623800009489059,0.0623800009489059,34289
Arcona USD,ARCONA-USD,2022-09-08,0.0623789988458156,0.0629950016736984,0.0584559999406337,0.0613869987428188,0.0613869987428188,24555
Arcona USD,ARCONA-USD,2022-09-09,0.0613869987428188,0.0692579969763755,0.0613819994032382,0.0691220015287399,0.0691220015287399,26578
Arcona USD,ARCONA-USD,2022-09-10,0.0691210031509399,0.0732150003314018,0.0690520033240318,0.0714650005102157,0.0714650005102157,25537
Arcona USD,ARCONA-USD,2022-09-11,0.0714640021324157,0.0716470032930374,0.0658280029892921,0.0666199997067451,0.0666199997067451,24403
Arcona USD,ARCONA-USD,2022-09-12,0.0666199997067451,0.0750499963760376,0.0655160024762153,0.0749569982290268,0.0749569982290268,36106
Arcona USD,ARCONA-USD,2022-09-13,0.0749590024352073,0.074972003698349,0.0596919991075992,0.0601539984345436,0.0601539984345436,26958
Arcona USD,ARCONA-USD,2022-09-14,0.065540000796318,0.0666790008544921,0.0596919991075992,0.0646160021424293,0.0646160021424293,27876
Arcona USD,ARCONA-USD,2022-09-15,0.0646160021424293,0.0648209974169731,0.060793999582529,0.0610539987683296,0.0610539987683296,28184
Arcona USD,ARCONA-USD,2022-09-16,0.0610539987683296,0.0628459975123405,0.0598529987037181,0.0604670010507106,0.0604670010507106,22528
Arcona USD,ARCONA-USD,2022-09-17,0.0604670010507106,0.0646499991416931,0.0594400018453598,0.0646490007638931,0.0646490007638931,21482
Arcona USD,ARCONA-USD,2022-09-18,0.0646499991416931,0.0646499991416931,0.0563809983432292,0.0594349987804889,0.0594349987804889,24153
Arcona USD,ARCONA-USD,2022-09-19,0.0594340004026889,0.0611310005187988,0.056802999228239,0.0598249994218349,0.0598249994218349,20520
Arcona USD,ARCONA-USD,2022-09-20,0.0598260015249252,0.0613689981400966,0.0558459982275962,0.0562300011515617,0.0562300011515617,25079
Arcona USD,ARCONA-USD,2022-09-21,0.0562289990484714,0.0633850023150444,0.0560580007731914,0.0579119995236396,0.0579119995236396,39779
Arcona USD,ARCONA-USD,2022-09-22,0.0578880012035369,0.0617399998009204,0.0555660016834735,0.0578490011394023,0.0578490011394023,22506
Arcona USD,ARCONA-USD,2022-09-23,0.0578479990363121,0.0592689998447895,0.0577379986643791,0.0578299984335899,0.0578299984335899,21757
Arcona USD,ARCONA-USD,2022-09-24,0.0578290000557899,0.0582909993827343,0.0570169985294342,0.0576080009341239,0.0576080009341239,20547
Arcona USD,ARCONA-USD,2022-09-25,0.0576080009341239,0.0578039996325969,0.0566769987344741,0.056777000427246,0.056777000427246,25309
Arcona USD,ARCONA-USD,2022-09-26,0.0567759983241558,0.0596430003643035,0.0535570010542869,0.0543080009520053,0.0543080009520053,30276
Arcona USD,ARCONA-USD,2022-09-27,0.0543089993298053,0.0626069977879524,0.0542029999196529,0.0604170002043247,0.0604170002043247,31312
Arcona USD,ARCONA-USD,2022-09-28,0.0604120008647441,0.0646840035915374,0.0581020005047321,0.0633170008659362,0.0633170008659362,24899
Arcona USD,ARCONA-USD,2022-09-29,0.0633170008659362,0.0634369999170303,0.0605250000953674,0.0607470013201236,0.0607470013201236,23305
Arcona USD,ARCONA-USD,2022-09-30,0.0607470013201236,0.0632179975509643,0.0607380010187625,0.0616680011153221,0.0616680011153221,25728
Arcona USD,ARCONA-USD,2022-10-01,0.0614130012691021,0.0621500015258789,0.0600139982998371,0.0606359988451004,0.0606359988451004,21911
Arcona USD,ARCONA-USD,2022-10-02,0.0606359988451004,0.0607790015637874,0.0597180016338825,0.0599500015377998,0.0599500015377998,24635
Arcona USD,ARCONA-USD,2022-10-03,0.0599509999155998,0.068070001900196,0.0581800006330013,0.063459001481533,0.063459001481533,26490
Arcona USD,ARCONA-USD,2022-10-04,0.063459999859333,0.0697769969701767,0.0606889985501766,0.0675640031695365,0.0675640031695365,36903
Arcona USD,ARCONA-USD,2022-10-05,0.067561998963356,0.0704680010676384,0.0641509965062141,0.0692849978804588,0.0692849978804588,30598
Arcona USD,ARCONA-USD,2022-10-06,0.0692669972777366,0.0723550021648407,0.0679780021309852,0.0709490031003952,0.0709490031003952,19880
Arcona USD,ARCONA-USD,2022-10-07,0.0709469988942146,0.0727119967341423,0.0591260008513927,0.0662320032715797,0.0662320032715797,19339
Arcona USD,ARCONA-USD,2022-10-08,0.0662330016493797,0.0662399977445602,0.0600220002233982,0.0605579987168312,0.0605579987168312,19212
Arcona USD,ARCONA-USD,2022-10-09,0.0605590008199214,0.0607899986207485,0.0580120012164115,0.0603579990565776,0.0603579990565776,24035
Arcona USD,ARCONA-USD,2022-10-10,0.0603579990565776,0.0646739974617958,0.0588359981775283,0.0597539991140365,0.0597539991140365,23092
Arcona USD,ARCONA-USD,2022-10-11,0.0597539991140365,0.0600369982421398,0.0563040003180503,0.0592899993062019,0.0592899993062019,29890
Arcona USD,ARCONA-USD,2022-10-12,0.0592899993062019,0.0628440007567405,0.0578740015625953,0.0578740015625953,0.0578740015625953,15219
Arcona USD,ARCONA-USD,2022-10-13,0.0578740015625953,0.0588859990239143,0.0539829991757869,0.0568989999592304,0.0568989999592304,17529
Arcona USD,ARCONA-USD,2022-10-14,0.0568989999592304,0.0602709986269474,0.0562149994075298,0.0571889989078044,0.0571889989078044,25244
Arcona USD,ARCONA-USD,2022-10-15,0.0571889989078044,0.0571900010108947,0.0551420003175735,0.0558240003883838,0.0558240003883838,20290
Arcona USD,ARCONA-USD,2022-10-16,0.0558240003883838,0.0573330000042915,0.0548480004072189,0.057133000344038,0.057133000344038,20885
Arcona USD,ARCONA-USD,2022-10-17,0.057133000344038,0.0600420013070106,0.057133000344038,0.0580179989337921,0.0580179989337921,21897
Arcona USD,ARCONA-USD,2022-10-18,0.0580170005559921,0.0635619983077049,0.057447001338005,0.057447999715805,0.057447999715805,10607
Arcona USD,ARCONA-USD,2022-10-19,0.057447999715805,0.057447999715805,0.0566379986703395,0.0568999983370304,0.0568999983370304,23663
Arcona USD,ARCONA-USD,2022-10-20,0.0569010004401207,0.057193998247385,0.0465589985251426,0.0562230013310909,0.0562230013310909,22807
Arcona USD,ARCONA-USD,2022-10-21,0.0562239997088909,0.0570849999785423,0.0540679991245269,0.0568149983882904,0.0568149983882904,21856
Arcona USD,ARCONA-USD,2022-10-22,0.0568149983882904,0.057312998920679,0.0552340000867843,0.0572899989783763,0.0572899989783763,23721
Arcona USD,ARCONA-USD,2022-10-23,0.0572890006005764,0.0578599981963634,0.0567280016839504,0.0578479990363121,0.0578479990363121,18867
Arcona USD,ARCONA-USD,2022-10-24,0.0578450001776218,0.0587650015950202,0.0571690015494823,0.0582129992544651,0.0582129992544651,19082
Arcona USD,ARCONA-USD,2022-10-25,0.0582129992544651,0.0743969976902008,0.057812999933958,0.0606909990310668,0.0606909990310668,27548
Arcona USD,ARCONA-USD,2022-10-26,0.0606260001659393,0.0737330019474029,0.0605290010571479,0.0658970028162002,0.0658970028162002,24585
Arcona USD,ARCONA-USD,2022-10-27,0.0658970028162002,0.0703549981117248,0.0638850033283233,0.0640499964356422,0.0640499964356422,23666
Arcona USD,ARCONA-USD,2022-10-28,0.0640499964356422,0.0679640024900436,0.0635330006480217,0.0672679990530014,0.0672679990530014,25535
Arcona USD,ARCONA-USD,2022-10-29,0.0672679990530014,0.0707259997725486,0.0670100003480911,0.0686170011758804,0.0686170011758804,27611
Arcona USD,ARCONA-USD,2022-10-30,0.0686170011758804,0.0756699964404106,0.0681179985404014,0.0729509964585304,0.0729509964585304,50197
Arcona USD,ARCONA-USD,2022-10-31,0.0729509964585304,0.0760850012302398,0.0717179998755455,0.0739950016140937,0.0739950016140937,31235
Arcona USD,ARCONA-USD,2022-11-01,0.0739950016140937,0.0832509994506836,0.0737380012869834,0.0746330022811889,0.0746330022811889,26495
Arcona USD,ARCONA-USD,2022-11-02,0.0746330022811889,0.077124997973442,0.0639650002121925,0.0645710006356239,0.0645710006356239,9308
Arcona USD,ARCONA-USD,2022-11-03,0.0645710006356239,0.0701130032539367,0.0644669979810714,0.0686620026826858,0.0686620026826858,6755
Arcona USD,ARCONA-USD,2022-11-04,0.0686229988932609,0.0725700035691261,0.0669770017266273,0.0717800036072731,0.0717800036072731,6678
Arcona USD,ARCONA-USD,2022-11-05,0.0717390030622482,0.0754010006785392,0.0714199990034103,0.0743440017104148,0.0743440017104148,6834
Arcona USD,ARCONA-USD,2022-11-06,0.0743049979209899,0.0755869969725608,0.0712929964065551,0.0713559985160827,0.0713559985160827,6644
Arcona USD,ARCONA-USD,2022-11-07,0.071382999420166,0.0725670009851455,0.0693140029907226,0.0701320022344589,0.0701320022344589,5493
Arcona USD,ARCONA-USD,2022-11-08,0.0701320022344589,0.0710100010037422,0.0582959987223148,0.0624210014939308,0.0624210014939308,5160
Arcona USD,ARCONA-USD,2022-11-09,0.0624819993972778,0.0625829994678497,0.048964999616146,0.0501650013029575,0.0501650013029575,4171
Arcona USD,ARCONA-USD,2022-11-10,0.050000000745058,0.0721860006451606,0.0496309995651245,0.0640870034694671,0.0640870034694671,12196
Arcona USD,ARCONA-USD,2022-11-11,0.0639510005712509,0.064300000667572,0.0558140017092227,0.0641200020909309,0.0641200020909309,7548
Arcona USD,ARCONA-USD,2022-11-12,0.0642059966921806,0.0642059966921806,0.0521759986877441,0.0548890009522438,0.0548890009522438,9339
Arcona USD,ARCONA-USD,2022-11-13,0.0549120008945465,0.055681999772787,0.0505030006170272,0.053431000560522,0.053431000560522,5749
Arcona USD,ARCONA-USD,2022-11-14,0.0534520000219345,0.0552110001444816,0.0503150001168251,0.0531460009515285,0.0531460009515285,4241
Arcona USD,ARCONA-USD,2022-11-15,0.0532069988548755,0.0552529990673065,0.052131000906229,0.0541579984128475,0.0541579984128475,6146
Arcona USD,ARCONA-USD,2022-11-16,0.0541630014777183,0.0548139996826648,0.0507889986038208,0.0518480017781257,0.0518480017781257,10573
Arcona USD,ARCONA-USD,2022-11-17,0.0518160015344619,0.0529499985277652,0.0501490011811256,0.0522990003228187,0.0522990003228187,5553
Arcona USD,ARCONA-USD,2022-11-18,0.0523139983415603,0.0535780005156993,0.0510319992899894,0.0515119992196559,0.0515119992196559,6840
Arcona USD,ARCONA-USD,2022-11-19,0.0514749996364116,0.0539430007338523,0.0513110011816024,0.0530840009450912,0.0530840009450912,8188
Arcona USD,ARCONA-USD,2022-11-20,0.0530840009450912,0.0533559992909431,0.0504699982702732,0.0507510006427764,0.0507510006427764,4832
Arcona USD,ARCONA-USD,2022-11-21,0.050730001181364,0.056242000311613,0.0473439991474151,0.0491040013730526,0.0491040013730526,3743
Arcona USD,ARCONA-USD,2022-11-22,0.0491090007126331,0.0617469996213912,0.0479829981923103,0.0522690005600452,0.0522690005600452,6419
Arcona USD,ARCONA-USD,2022-11-23,0.0522609986364841,0.055902000516653,0.0519229993224144,0.0546669997274875,0.0546669997274875,8787
Arcona USD,ARCONA-USD,2022-11-24,0.0546699985861778,0.0560490004718303,0.0537430010735988,0.0544649995863437,0.0544649995863437,992
Arcona USD,ARCONA-USD,2022-11-25,0.0544649995863437,0.0569580011069774,0.052666999399662,0.0566979981958866,0.0566979981958866,1677
Arcona USD,ARCONA-USD,2022-11-26,0.056692998856306,0.0622409991919994,0.0530439987778663,0.0530890002846717,0.0530890002846717,7081
Arcona USD,ARCONA-USD,2022-11-27,0.0530890002846717,0.0581320002675056,0.0529889985918998,0.0577399991452693,0.0577399991452693,1069
Arcona USD,ARCONA-USD,2022-11-28,0.0577399991452693,0.0577929988503456,0.0534159988164901,0.0550730004906654,0.0550730004906654,8533
Arcona USD,ARCONA-USD,2022-11-29,0.0550529994070529,0.0561700016260147,0.0544449985027313,0.0558140017092227,0.0558140017092227,11065
Arcona USD,ARCONA-USD,2022-11-30,0.0558140017092227,0.0715880021452903,0.0557419992983341,0.0710560008883476,0.0710560008883476,39861
Arcona USD,ARCONA-USD,2022-12-01,0.0710560008883476,0.0779300034046173,0.0617339983582496,0.0766379982233047,0.0766379982233047,22543
Arcona USD,ARCONA-USD,2022-12-02,0.0766289979219436,0.080655999481678,0.0722540020942688,0.0745740011334419,0.0745740011334419,10862
Arcona USD,ARCONA-USD,2022-12-03,0.0745010003447532,0.0842460021376609,0.0683069974184036,0.0742919966578483,0.0742919966578483,14429
Arcona USD,ARCONA-USD,2022-12-04,0.074363999068737,0.0825370028614997,0.0742579996585846,0.0820780023932457,0.0820780023932457,16425
Arcona USD,ARCONA-USD,2022-12-05,0.0820259973406791,0.1022230014204979,0.081286996603012,0.0966619998216629,0.0966619998216629,19659
Arcona USD,ARCONA-USD,2022-12-06,0.0966619998216629,0.1026130020618438,0.0839710012078285,0.0857089981436729,0.0857089981436729,7832
Arcona USD,ARCONA-USD,2022-12-07,0.0857409983873367,0.0997240021824836,0.0825880020856857,0.0847740024328231,0.0847740024328231,14145
Arcona USD,ARCONA-USD,2022-12-08,0.0847740024328231,0.0886669978499412,0.0834940001368522,0.088358998298645,0.088358998298645,13723
Arcona USD,ARCONA-USD,2022-12-09,0.088358998298645,0.100550003349781,0.0879219993948936,0.0968889966607093,0.0968889966607093,14261
Arcona USD,ARCONA-USD,2022-12-10,0.0968889966607093,0.1020290032029151,0.0872690007090568,0.0876519978046417,0.0876519978046417,16717
Arcona USD,ARCONA-USD,2022-12-11,0.0876519978046417,0.1008130013942718,0.0830459967255592,0.0864889994263649,0.0864889994263649,21109
Arcona USD,ARCONA-USD,2022-12-12,0.0864889994263649,0.0886680036783218,0.0795269981026649,0.0869780033826828,0.0869780033826828,14582
Arcona USD,ARCONA-USD,2022-12-13,0.0868740007281303,0.094210997223854,0.086727999150753,0.0924279987812042,0.0924279987812042,10994
Arcona USD,ARCONA-USD,2022-12-14,0.0923800021409988,0.0928080007433891,0.0834700018167495,0.0869439989328384,0.0869439989328384,12116
Arcona USD,ARCONA-USD,2022-12-15,0.0869600027799606,0.0892539992928505,0.0824370011687278,0.0829370021820068,0.0829370021820068,12192
Arcona USD,ARCONA-USD,2022-12-16,0.0828659981489181,0.0837280005216598,0.0636399984359741,0.0656429976224899,0.0656429976224899,10782
Arcona USD,ARCONA-USD,2022-12-17,0.0656109973788261,0.0757889971137046,0.0639640018343925,0.0751160010695457,0.0751160010695457,8171
Arcona USD,ARCONA-USD,2022-12-18,0.0750859975814819,0.0761360004544258,0.0687320008873939,0.0742229968309402,0.0742229968309402,5485
Arcona USD,ARCONA-USD,2022-12-19,0.0742229968309402,0.0749000012874603,0.0665690004825592,0.0673730000853538,0.0673730000853538,3716
Arcona USD,ARCONA-USD,2022-12-20,0.0673730000853538,0.0859540030360221,0.0671999976038932,0.0770680010318756,0.0770680010318756,6176
Arcona USD,ARCONA-USD,2022-12-21,0.0767749994993209,0.077294997870922,0.0652439966797828,0.0680769979953765,0.0680769979953765,5702
Arcona USD,ARCONA-USD,2022-12-22,0.0680899992585182,0.0710659995675087,0.0670699998736381,0.0682339966297149,0.0682339966297149,8272
Arcona USD,ARCONA-USD,2022-12-23,0.0681739971041679,0.0805609971284866,0.0680439993739128,0.0787909999489784,0.0787909999489784,12913
Arcona USD,ARCONA-USD,2022-12-24,0.0787779986858367,0.0808390006422996,0.0759029984474182,0.0807470008730888,0.0807470008730888,13489
Arcona USD,ARCONA-USD,2022-12-25,0.0807470008730888,0.0809869989752769,0.0750309973955154,0.0758069977164268,0.0758069977164268,9387
Arcona USD,ARCONA-USD,2022-12-26,0.0756950005888938,0.0760779976844787,0.0693280026316642,0.0719479992985725,0.0719479992985725,10449
Arcona USD,ARCONA-USD,2022-12-27,0.0718830004334449,0.0752080008387565,0.0681760013103485,0.0687109977006912,0.0687109977006912,11037
Arcona USD,ARCONA-USD,2022-12-28,0.0686860010027885,0.0732130035758018,0.066441997885704,0.066780999302864,0.066780999302864,14324
Arcona USD,ARCONA-USD,2022-12-29,0.066780999302864,0.0676250010728836,0.0621399991214275,0.0635870024561882,0.0635870024561882,9474
Arcona USD,ARCONA-USD,2022-12-30,0.0635870024561882,0.0639029964804649,0.0592660009860992,0.0600080005824565,0.0600080005824565,12889
Arcona USD,ARCONA-USD,2022-12-31,0.0600319989025592,0.063969999551773,0.0597210004925727,0.063409999012947,0.063409999012947,11190
Arcona USD,ARCONA-USD,2023-01-01,0.0634369999170303,0.0663169994950294,0.0632520020008087,0.0646729990839958,0.0646729990839958,9123
Arcona USD,ARCONA-USD,2023-01-02,0.0646729990839958,0.065540000796318,0.0616540014743804,0.0651869997382164,0.0651869997382164,12010
Arcona USD,ARCONA-USD,2023-01-03,0.0651789978146553,0.0720499977469444,0.065029002726078,0.0655810013413429,0.0655810013413429,16381
Arcona USD,ARCONA-USD,2023-01-04,0.0655810013413429,0.067960001528263,0.0625170022249221,0.0633310005068779,0.0633310005068779,13078
Arcona USD,ARCONA-USD,2023-01-05,0.0633710026741027,0.0649750009179115,0.0621809996664524,0.0641179978847503,0.0641179978847503,666
Arcona USD,ARCONA-USD,2023-01-06,0.0641129985451698,0.064470998942852,0.0618579983711242,0.0621629990637302,0.0621629990637302,418
Arcona USD,ARCONA-USD,2023-01-07,0.0621180012822151,0.073634997010231,0.0608210004866123,0.0646310001611709,0.0646310001611709,6958
Arcona USD,ARCONA-USD,2023-01-08,0.064530000090599,0.0723209977149963,0.0616619996726512,0.0675930008292198,0.0675930008292198,8976
Arcona USD,ARCONA-USD,2023-01-09,0.0676119998097419,0.069932997226715,0.0651549994945526,0.0671830028295517,0.0671830028295517,3387
Arcona USD,ARCONA-USD,2023-01-10,0.0673760026693344,0.0722350031137466,0.0657830014824867,0.0688240006566047,0.0688240006566047,3841
Arcona USD,ARCONA-USD,2023-01-11,0.0688240006566047,0.0724610015749931,0.0682500004768371,0.0724319964647293,0.0724319964647293,2435
Arcona USD,ARCONA-USD,2023-01-12,0.073242001235485,0.0852390006184578,0.0723240002989769,0.0817919969558715,0.0817919969558715,15573
Arcona USD,ARCONA-USD,2023-01-13,0.0817940011620521,0.0851909965276718,0.0734549984335899,0.0768809989094734,0.0768809989094734,9268
Arcona USD,ARCONA-USD,2023-01-14,0.0766690000891685,0.0891380012035369,0.0659219995141029,0.0804509967565536,0.0804509967565536,15358
Arcona USD,ARCONA-USD,2023-01-15,0.0804530009627342,0.0816679969429969,0.0755169987678527,0.0810479968786239,0.0810479968786239,4419
Arcona USD,ARCONA-USD,2023-01-16,0.0810400024056434,0.0838100016117096,0.0750750005245208,0.0825840011239051,0.0825840011239051,7725
Arcona USD,ARCONA-USD,2023-01-17,0.0825840011239051,0.0857859998941421,0.0798079967498779,0.079935997724533,0.079935997724533,10404
Arcona USD,ARCONA-USD,2023-01-18,0.0799050033092498,0.0854550004005432,0.0767109990119934,0.0767109990119934,0.0767109990119934,5783
Arcona USD,ARCONA-USD,2023-01-19,0.0768000036478042,0.0890330001711845,0.0745659992098808,0.0890330001711845,0.0890330001711845,9283
Arcona USD,ARCONA-USD,2023-01-20,0.0888110026717186,0.0892279967665672,0.078745998442173,0.086398996412754,0.086398996412754,4057
Arcona USD,ARCONA-USD,2023-01-21,0.086398996412754,0.0888840034604072,0.0736659988760948,0.0773689970374107,0.0773689970374107,8926
Arcona USD,ARCONA-USD,2023-01-22,0.0774810016155242,0.0891669988632202,0.0774450004100799,0.0799549967050552,0.0799549967050552,2653
Arcona USD,ARCONA-USD,2023-01-23,0.0801339969038963,0.0828019976615905,0.0710889995098114,0.0751359984278678,0.0751359984278678,9376
Arcona USD,ARCONA-USD,2023-01-24,0.0748850032687187,0.0813210010528564,0.0747789964079856,0.0774480029940605,0.0774480029940605,3792
Arcona USD,ARCONA-USD,2023-01-25,0.0774910002946853,0.0885149985551834,0.071781001985073,0.0832009986042976,0.0832009986042976,8147
Arcona USD,ARCONA-USD,2023-01-26,0.0829560011625289,0.0842709988355636,0.0765829980373382,0.077174000442028,0.077174000442028,1701
Arcona USD,ARCONA-USD,2023-01-27,0.0771699994802475,0.0814730003476142,0.0709149986505508,0.0790719985961914,0.0790719985961914,3502
Arcona USD,ARCONA-USD,2023-01-28,0.0788000002503395,0.0794069990515708,0.0743950009346008,0.0765210017561912,0.0765210017561912,1529
Arcona USD,ARCONA-USD,2023-01-29,0.0765210017561912,0.0790589973330497,0.0733330026268959,0.0748369991779327,0.0748369991779327,1725
Arcona USD,ARCONA-USD,2023-01-30,0.074703998863697,0.0906269997358322,0.0704549998044967,0.0777600035071373,0.0777600035071373,15166
Arcona USD,ARCONA-USD,2023-01-31,0.0777819976210594,0.0790650025010109,0.0694810003042221,0.0701839998364448,0.0701839998364448,4774
Arcona USD,ARCONA-USD,2023-02-01,0.0701450034976005,0.088758997619152,0.0690770000219345,0.0851349979639053,0.0851349979639053,17834
Arcona USD,ARCONA-USD,2023-02-02,0.0850490033626556,0.0881579965353012,0.0751909986138343,0.0756469964981079,0.0756469964981079,23178
Arcona USD,ARCONA-USD,2023-02-03,0.0756509974598884,0.0907900035381317,0.0742399990558624,0.0868519991636276,0.0868519991636276,20687
Arcona USD,ARCONA-USD,2023-02-04,0.0868420004844665,0.0869039967656135,0.079365000128746,0.0811100006103515,0.0811100006103515,23203
Arcona USD,ARCONA-USD,2023-02-05,0.0811550021171569,0.0818789973855018,0.0689240023493766,0.0777020007371902,0.0777020007371902,20568
Arcona USD,ARCONA-USD,2023-02-06,0.0777759999036789,0.0905800014734268,0.0736809968948364,0.0751160010695457,0.0751160010695457,34223
Arcona USD,ARCONA-USD,2023-02-07,0.0754019990563392,0.0978209972381591,0.0754019990563392,0.0915919989347457,0.0915919989347457,45300
Arcona USD,ARCONA-USD,2023-02-08,0.0916230008006095,0.1207579970359802,0.0897189974784851,0.1013140007853508,0.1013140007853508,72712
Arcona USD,ARCONA-USD,2023-02-09,0.1013320013880729,0.1106230020523071,0.0902049988508224,0.0963300019502639,0.0963300019502639,48060
Arcona USD,ARCONA-USD,2023-02-10,0.0963359996676445,0.0981659963726997,0.0877939984202385,0.0890100002288818,0.0890100002288818,38680
Arcona USD,ARCONA-USD,2023-02-11,0.0891179963946342,0.0994089990854263,0.0887160003185272,0.0991260036826133,0.0991260036826133,32373
Arcona USD,ARCONA-USD,2023-02-12,0.0991479977965354,0.0996360033750534,0.095331996679306,0.0970359966158866,0.0970359966158866,28965
Arcona USD,ARCONA-USD,2023-02-13,0.0965650007128715,0.0970999971032142,0.0792599990963935,0.088247001171112,0.088247001171112,31876
Arcona USD,ARCONA-USD,2023-02-14,0.0882679969072341,0.0954170003533363,0.0830850005149841,0.0877470001578331,0.0877470001578331,33941
Arcona USD,ARCONA-USD,2023-02-15,0.0875269994139671,0.1075420007109642,0.0862459987401962,0.1040050014853477,0.1040050014853477,31748
Arcona USD,ARCONA-USD,2023-02-16,0.1042279973626136,0.1107200011610984,0.09859000146389,0.0989969968795776,0.0989969968795776,23894
Arcona USD,ARCONA-USD,2023-02-17,0.0988769978284835,0.1071109995245933,0.0955130010843277,0.0957470014691352,0.0957470014691352,24740
Arcona USD,ARCONA-USD,2023-02-18,0.0955070033669471,0.1092799976468086,0.0955070033669471,0.107184998691082,0.107184998691082,30712
Arcona USD,ARCONA-USD,2023-02-19,0.1071979999542236,0.110955998301506,0.103922002017498,0.1039619967341423,0.1039619967341423,32447
Arcona USD,ARCONA-USD,2023-02-20,0.1040190011262893,0.1098489984869957,0.0950829982757568,0.0957619994878768,0.0957619994878768,24685
Arcona USD,ARCONA-USD,2023-02-21,0.0961420014500618,0.1015629991889,0.0884810015559196,0.0904159992933273,0.0904159992933273,28504
Arcona USD,ARCONA-USD,2023-02-22,0.0905859991908073,0.0957069993019104,0.0822559967637062,0.088857002556324,0.088857002556324,25656
Arcona USD,ARCONA-USD,2023-02-23,0.088976003229618,0.0908769965171814,0.08627600222826,0.0872830003499984,0.0872830003499984,17509
Arcona USD,ARCONA-USD,2023-02-24,0.0872740000486373,0.1004339978098869,0.0834349989891052,0.085098996758461,0.085098996758461,19387
Arcona USD,ARCONA-USD,2023-02-25,0.085098996758461,0.0918229967355728,0.0836229994893074,0.0862030014395713,0.0862030014395713,31712
Arcona USD,ARCONA-USD,2023-02-26,0.085996001958847,0.0968450009822845,0.0835919976234436,0.0912560001015663,0.0912560001015663,24471
Arcona USD,ARCONA-USD,2023-02-27,0.091058999300003,0.0913200005888938,0.0876199975609779,0.0904669985175132,0.0904669985175132,22182
Arcona USD,ARCONA-USD,2023-02-28,0.0906189978122711,0.0953029990196228,0.0864840000867843,0.087456002831459,0.087456002831459,21156
Arcona USD,ARCONA-USD,2023-03-01,0.0875139981508255,0.0952079966664314,0.085216000676155,0.0876649990677833,0.0876649990677833,29093
Arcona USD,ARCONA-USD,2023-03-02,0.0874119997024536,0.0878920033574104,0.0776759982109069,0.0834259986877441,0.0834259986877441,21983
Arcona USD,ARCONA-USD,2023-03-03,0.083355002105236,0.0852880030870437,0.0784299969673156,0.0834330022335052,0.0834330022335052,24204
Arcona USD,ARCONA-USD,2023-03-04,0.0834349989891052,0.0897879973053932,0.0794640034437179,0.0819519981741905,0.0819519981741905,17605
Arcona USD,ARCONA-USD,2023-03-05,0.0819640010595321,0.0925879999995231,0.0760409981012344,0.0816470012068748,0.0816470012068748,33497
Arcona USD,ARCONA-USD,2023-03-06,0.0814779996871948,0.09094899892807,0.0771190002560615,0.081226997077465,0.081226997077465,24714
Arcona USD,ARCONA-USD,2023-03-07,0.0812970027327537,0.0908629968762397,0.0717609971761703,0.0752099975943565,0.0752099975943565,24195
Arcona USD,ARCONA-USD,2023-03-08,0.0752699971199035,0.085437998175621,0.074313998222351,0.0784920006990432,0.0784920006990432,25698
Arcona USD,ARCONA-USD,2023-03-09,0.0784899964928627,0.0823939964175224,0.0668499991297721,0.0683090016245842,0.0683090016245842,30795
Arcona USD,ARCONA-USD,2023-03-10,0.0683329999446868,0.0821899995207786,0.0655049979686737,0.0749320015311241,0.0749320015311241,17967
Arcona USD,ARCONA-USD,2023-03-11,0.0749659985303878,0.0780560001730918,0.068241000175476,0.0708369985222816,0.0708369985222816,3138
Arcona USD,ARCONA-USD,2023-03-12,0.0709709972143173,0.0854400023818016,0.0679429993033409,0.0849749967455864,0.0849749967455864,6219
Arcona USD,ARCONA-USD,2023-03-13,0.0850149989128112,0.0914139971137046,0.0639289990067482,0.0910800024867057,0.0910800024867057,14030
Arcona USD,ARCONA-USD,2023-03-14,0.0910789966583252,0.0911889970302581,0.068241000175476,0.074484996497631,0.074484996497631,34636
Arcona USD,ARCONA-USD,2023-03-15,0.0744350031018257,0.0891019999980926,0.0691450014710426,0.0724480003118515,0.0724480003118515,23318
Arcona USD,ARCONA-USD,2023-03-16,0.0724619999527931,0.0862499997019767,0.0717900022864341,0.0834140032529831,0.0834140032529831,19692
Arcona USD,ARCONA-USD,2023-03-17,0.0835150033235549,0.1109149977564811,0.0829840004444122,0.1105329990386962,0.1105329990386962,32085
Arcona USD,ARCONA-USD,2023-03-18,0.1105920001864433,0.1120629981160163,0.0951040014624595,0.0999599993228912,0.0999599993228912,19634
Arcona USD,ARCONA-USD,2023-03-19,0.0999599993228912,0.1083090007305145,0.0999599993228912,0.1047329977154731,0.1047329977154731,25911
Arcona USD,ARCONA-USD,2023-03-20,0.104774996638298,0.1067140027880668,0.0973099991679191,0.0976039990782737,0.0976039990782737,27154
Arcona USD,ARCONA-USD,2023-03-21,0.097632996737957,0.10258200019598,0.0839340016245842,0.1012609973549842,0.1012609973549842,30007
Arcona USD,ARCONA-USD,2023-03-22,0.1013059988617897,0.1125959977507591,0.0946189984679222,0.0951320007443428,0.0951320007443428,32513
Arcona USD,ARCONA-USD,2023-03-23,0.0951429978013038,0.1024819985032081,0.0950149968266487,0.1004540026187896,0.1004540026187896,21423
Arcona USD,ARCONA-USD,2023-03-24,0.1004540026187896,0.1006959974765777,0.0970320031046867,0.0977379977703094,0.0977379977703094,15606
Arcona USD,ARCONA-USD,2023-03-25,0.0977339968085289,0.0979800000786781,0.08661700040102,0.0869520008563995,0.0869520008563995,14906
Arcona USD,ARCONA-USD,2023-03-26,0.0869750007987022,0.1003680005669593,0.0800329968333244,0.09774000197649,0.09774000197649,20643
Arcona USD,ARCONA-USD,2023-03-27,0.0977569967508316,0.0980419963598251,0.0740580037236213,0.077515996992588,0.077515996992588,33131
Arcona USD,ARCONA-USD,2023-03-28,0.0777850002050399,0.0950559973716735,0.0767100006341934,0.0935269966721534,0.0935269966721534,11353
Arcona USD,ARCONA-USD,2023-03-29,0.0935029983520507,0.0935029983520507,0.0775879994034767,0.0851449966430664,0.0851449966430664,2475
Arcona USD,ARCONA-USD,2023-03-30,0.0852229967713356,0.0887779965996742,0.0770450010895729,0.0774319991469383,0.0774319991469383,1759
Arcona USD,ARCONA-USD,2023-03-31,0.0774310007691383,0.0955149978399276,0.073682002723217,0.0876080021262168,0.0876080021262168,23600
Arcona USD,ARCONA-USD,2023-04-01,0.0876159965991973,0.0905420035123825,0.0772079974412918,0.0876180008053779,0.0876180008053779,23155
Arcona USD,ARCONA-USD,2023-04-02,0.0774260014295578,0.0933839976787567,0.0774260014295578,0.0929609984159469,0.0929609984159469,15679
Arcona USD,ARCONA-USD,2023-04-03,0.0929540023207664,0.094029001891613,0.0692489966750145,0.0918579995632171,0.0918579995632171,19731
Arcona USD,ARCONA-USD,2023-04-04,0.0918579995632171,0.0966280028223991,0.0843890011310577,0.0960370004177093,0.0960370004177093,15069
Arcona USD,ARCONA-USD,2023-04-05,0.0959549993276596,0.1056509986519813,0.0736280009150505,0.1002769991755485,0.1002769991755485,26689
Arcona USD,ARCONA-USD,2023-04-06,0.1002610027790069,0.1022019982337951,0.082846999168396,0.0931439995765686,0.0931439995765686,27386
Arcona USD,ARCONA-USD,2023-04-07,0.0931510031223297,0.0978349968791008,0.0805850028991699,0.0978130027651786,0.0978130027651786,19892
Arcona USD,ARCONA-USD,2023-04-08,0.0977569967508316,0.0984029993414878,0.0862239971756935,0.0928649976849556,0.0928649976849556,21306
Arcona USD,ARCONA-USD,2023-04-09,0.0928720012307167,0.0934169963002204,0.0807569995522499,0.0903690010309219,0.0903690010309219,20460
Arcona USD,ARCONA-USD,2023-04-10,0.0903220027685165,0.1017770022153854,0.0837979987263679,0.08576600253582,0.08576600253582,27859
Arcona USD,ARCONA-USD,2023-04-11,0.0857610031962394,0.0868349969387054,0.0654719993472099,0.0799430012702941,0.0799430012702941,18082
Arcona USD,ARCONA-USD,2023-04-12,0.0799600034952163,0.0888630002737045,0.0765379965305328,0.0806680023670196,0.0806680023670196,19837
Arcona USD,ARCONA-USD,2023-04-13,0.08644600212574,0.0923750028014183,0.07880400121212,0.0839829966425895,0.0839829966425895,23653
Arcona USD,ARCONA-USD,2023-04-14,0.0839829966425895,0.0939889997243881,0.0818310007452964,0.083866000175476,0.083866000175476,33783
Arcona USD,ARCONA-USD,2023-04-15,0.083865001797676,0.0854260027408599,0.0788149982690811,0.078855000436306,0.078855000436306,19004
Arcona USD,ARCONA-USD,2023-04-16,0.0788599997758865,0.0808729976415634,0.073573999106884,0.0785209983587265,0.0785209983587265,19755
Arcona USD,ARCONA-USD,2023-04-17,0.0785150006413459,0.0813610032200813,0.0767190009355545,0.079755000770092,0.079755000770092,13802
Arcona USD,ARCONA-USD,2023-04-18,0.0797730013728141,0.0806529968976974,0.0731320008635521,0.0778909996151924,0.0778909996151924,18421
Arcona USD,ARCONA-USD,2023-04-19,0.0778380036354065,0.0816069990396499,0.0684759989380836,0.0687969997525215,0.0687969997525215,18458
Arcona USD,ARCONA-USD,2023-04-20,0.0687929987907409,0.0823550000786781,0.0685250014066696,0.0765829980373382,0.0765829980373382,24091
Arcona USD,ARCONA-USD,2023-04-21,0.0764899998903274,0.0770360007882118,0.0716160014271736,0.0724079981446266,0.0724079981446266,20206
Arcona USD,ARCONA-USD,2023-04-22,0.0724079981446266,0.0741579979658126,0.0593869984149932,0.0608429983258247,0.0608429983258247,17951
Arcona USD,ARCONA-USD,2023-04-23,0.0608429983258247,0.0803679972887039,0.0601520016789436,0.0795420035719871,0.0795420035719871,18803
Arcona USD,ARCONA-USD,2023-04-24,0.0795309990644455,0.0795309990644455,0.0648259967565536,0.0664599984884262,0.0664599984884262,12424
Arcona USD,ARCONA-USD,2023-04-25,0.0664540007710456,0.0667919963598251,0.0606140010058879,0.0627849996089935,0.0627849996089935,8802
Arcona USD,ARCONA-USD,2023-04-26,0.0627869963645935,0.0670889988541603,0.0612590014934539,0.0632599964737892,0.0632599964737892,18642
Arcona USD,ARCONA-USD,2023-04-27,0.0632570013403892,0.0723529979586601,0.0604210011661052,0.0723339989781379,0.0723339989781379,17856
Arcona USD,ARCONA-USD,2023-04-28,0.072332002222538,0.0725269988179206,0.0570660009980201,0.0576989986002445,0.0576989986002445,17493
Arcona USD,ARCONA-USD,2023-04-29,0.0576959997415542,0.0718590021133422,0.0571850016713142,0.0613150000572204,0.0613150000572204,19263
Arcona USD,ARCONA-USD,2023-04-30,0.0613269992172718,0.0613269992172718,0.0578580014407634,0.0585520006716251,0.0585520006716251,15763
Arcona USD,ARCONA-USD,2023-05-01,0.0585130006074905,0.0722519978880882,0.0570719987154006,0.0717329978942871,0.0717329978942871,18263
Arcona USD,ARCONA-USD,2023-05-02,0.0717490017414093,0.0720710009336471,0.0690869987010955,0.0702959969639778,0.0702959969639778,18254
Arcona USD,ARCONA-USD,2023-05-03,0.0702980011701583,0.0706619992852211,0.0627259984612464,0.0661929994821548,0.0661929994821548,24461
Arcona USD,ARCONA-USD,2023-05-04,0.0661870017647743,0.0679920017719268,0.0636390000581741,0.0669530034065246,0.0669530034065246,14939
Arcona USD,ARCONA-USD,2023-05-05,0.066941998898983,0.0698409974575042,0.0657289996743202,0.0695270001888275,0.0695270001888275,20912
Arcona USD,ARCONA-USD,2023-05-06,0.069591000676155,0.0703779980540275,0.0550849996507167,0.0634939968585968,0.0634939968585968,29963
Arcona USD,ARCONA-USD,2023-05-07,0.0634879991412162,0.065590001642704,0.0605229996144771,0.0605229996144771,0.0605229996144771,21472
Arcona USD,ARCONA-USD,2023-05-08,0.0605229996144771,0.0661329999566078,0.0466569997370243,0.0543590001761913,0.0543590001761913,18783
Arcona USD,ARCONA-USD,2023-05-09,0.0543590001761913,0.057422999292612,0.0467699989676475,0.0503499992191791,0.0503499992191791,4776
Arcona USD,ARCONA-USD,2023-05-10,0.0503630004823207,0.0508590005338192,0.0448490008711814,0.0483600012958049,0.0483600012958049,1510
Arcona USD,ARCONA-USD,2023-05-11,0.0483650006353855,0.0570879988372325,0.0476379990577697,0.0562149994075298,0.0562149994075298,8537
Arcona USD,ARCONA-USD,2023-05-12,0.0561980009078979,0.0561980009078979,0.0435759983956813,0.0497890003025531,0.0497890003025531,2891
Arcona USD,ARCONA-USD,2023-05-13,0.0497680008411407,0.0513270013034343,0.0485420003533363,0.0510880015790462,0.0510880015790462,568
Arcona USD,ARCONA-USD,2023-05-14,0.0510810017585754,0.0590579994022846,0.0482949987053871,0.0561240017414093,0.0561240017414093,11135
Arcona USD,ARCONA-USD,2023-05-15,0.0561010017991066,0.0582749992609024,0.0518740005791187,0.0518780015408992,0.0518780015408992,1408
Arcona USD,ARCONA-USD,2023-05-16,0.0518950000405311,0.058432999998331,0.0478710010647773,0.0486430004239082,0.0486430004239082,4441
Arcona USD,ARCONA-USD,2023-05-17,0.0486610010266304,0.0586070008575916,0.0474810004234313,0.0578790009021759,0.0578790009021759,4488
Arcona USD,ARCONA-USD,2023-05-18,0.0578819997608661,0.0595490001142025,0.0506110005080699,0.0586000010371208,0.0586000010371208,1523
Arcona USD,ARCONA-USD,2023-05-19,0.0586079992353916,0.0637710019946098,0.0492019988596439,0.0633540004491806,0.0633540004491806,9707
Arcona USD,ARCONA-USD,2023-05-20,0.0633919984102249,0.0705789998173713,0.0620319992303848,0.0701889991760253,0.0701889991760253,19433
Arcona USD,ARCONA-USD,2023-05-21,0.0702690035104751,0.0873569995164871,0.0695419982075691,0.0749489963054657,0.0749489963054657,28614
Arcona USD,ARCONA-USD,2023-05-22,0.0749450027942657,0.0876659974455833,0.0749439969658851,0.0798889994621276,0.0798889994621276,7952
Arcona USD,ARCONA-USD,2023-05-23,0.0798859968781471,0.0837619975209236,0.073852002620697,0.080435000360012,0.080435000360012,7292
Arcona USD,ARCONA-USD,2023-05-24,0.0804079994559288,0.1139200031757354,0.0634540021419525,0.1138449981808662,0.1138449981808662,130728
Arcona USD,ARCONA-USD,2023-05-25,0.1138809993863105,0.1635449975728988,0.1116970032453537,0.1311489939689636,0.1311489939689636,169547
Arcona USD,ARCONA-USD,2023-05-26,0.1311410069465637,0.1443299949169159,0.1009109988808631,0.1053209975361824,0.1053209975361824,45216
Arcona USD,ARCONA-USD,2023-05-27,0.1053249984979629,0.1177439987659454,0.097020000219345,0.1141299977898597,0.1141299977898597,12800
Arcona USD,ARCONA-USD,2023-05-28,0.1141379997134208,0.1337459981441497,0.0990250036120414,0.1334819942712783,0.1334819942712783,10177
Arcona USD,ARCONA-USD,2023-05-29,0.1334699988365173,0.1344960033893585,0.0994269996881485,0.0994530022144317,0.0994530022144317,9043
Arcona USD,ARCONA-USD,2023-05-30,0.099431999027729,0.12915700674057,0.0977689996361732,0.1235510036349296,0.1235510036349296,9323
Arcona USD,ARCONA-USD,2023-05-31,0.1235689967870712,0.1276410073041916,0.1011419966816902,0.1170220002532005,0.1170220002532005,12377
Arcona USD,ARCONA-USD,2023-06-01,0.117026999592781,0.1178459972143173,0.0955550000071525,0.1046350002288818,0.1046350002288818,14729
Arcona USD,ARCONA-USD,2023-06-02,0.1046100035309791,0.1262090057134628,0.0981530025601387,0.1197429969906807,0.1197429969906807,34625
Arcona USD,ARCONA-USD,2023-06-03,0.1197469979524612,0.120847001671791,0.0983659997582435,0.1000330001115799,0.1000330001115799,31247
Arcona USD,ARCONA-USD,2023-06-04,0.1000080034136772,0.1184689998626709,0.0955189988017082,0.1060179993510246,0.1060179993510246,26560
Arcona USD,ARCONA-USD,2023-06-05,0.1060459986329078,0.1664779931306839,0.1046290025115013,0.119777001440525,0.119777001440525,182405
Arcona USD,ARCONA-USD,2023-06-06,0.119777999818325,0.1219659969210624,0.0937620028853416,0.0971039980649948,0.0971039980649948,58547
Arcona USD,ARCONA-USD,2023-06-07,0.0971179977059364,0.1029020026326179,0.0787649974226951,0.084647998213768,0.084647998213768,49074
Arcona USD,ARCONA-USD,2023-06-08,0.0846519991755485,0.092177003622055,0.0779149979352951,0.0792189985513687,0.0792189985513687,32680
Arcona USD,ARCONA-USD,2023-06-09,0.0792170017957687,0.0844430029392242,0.0765739977359771,0.0778260007500648,0.0778260007500648,26448
Arcona USD,ARCONA-USD,2023-06-10,0.0778179988265037,0.0889270007610321,0.0709519982337951,0.0776150003075599,0.0776150003075599,27498
Arcona USD,ARCONA-USD,2023-06-11,0.0776180028915405,0.0781880021095275,0.057303000241518,0.0695509985089302,0.0695509985089302,5706
Arcona USD,ARCONA-USD,2023-06-12,0.0695649981498718,0.073973998427391,0.0662029981613159,0.0667970031499862,0.0667970031499862,13115
Arcona USD,ARCONA-USD,2023-06-13,0.0667970031499862,0.0675500035285949,0.0626249983906745,0.0637959986925125,0.0637959986925125,22831
Arcona USD,ARCONA-USD,2023-06-14,0.0637959986925125,0.0640759989619255,0.0580709986388683,0.0582219995558261,0.0582219995558261,19419
Arcona USD,ARCONA-USD,2023-06-15,0.0582249984145164,0.071151003241539,0.058042999356985,0.0710719972848892,0.0710719972848892,32301
Arcona USD,ARCONA-USD,2023-06-16,0.0710759982466697,0.0738689973950386,0.0602219998836517,0.0671629980206489,0.0671629980206489,17587
Arcona USD,ARCONA-USD,2023-06-17,0.0671600028872489,0.0720169991254806,0.0670860037207603,0.0699160024523735,0.0699160024523735,18137
Arcona USD,ARCONA-USD,2023-06-18,0.0699070021510124,0.0699070021510124,0.0625850036740303,0.0657769963145256,0.0657769963145256,19582
Arcona USD,ARCONA-USD,2023-06-19,0.0657769963145256,0.0688830018043518,0.0611429996788501,0.0614480003714561,0.0614480003714561,19436
Arcona USD,ARCONA-USD,2023-06-20,0.0614870004355907,0.0713030025362968,0.0613909997045993,0.0698560029268264,0.0698560029268264,18713
Arcona USD,ARCONA-USD,2023-06-21,0.0698530003428459,0.0704960003495216,0.0659200027585029,0.0665569975972175,0.0665569975972175,21788
Arcona USD,ARCONA-USD,2023-06-22,0.0665329992771148,0.0705929994583129,0.06631900370121,0.0680430009961128,0.0680430009961128,19699
Arcona USD,ARCONA-USD,2023-06-23,0.0680499970912933,0.0694039985537529,0.0637700036168098,0.0677260011434555,0.0677260011434555,17226
Arcona USD,ARCONA-USD,2023-06-24,0.0677260011434555,0.0763889998197555,0.0672679990530014,0.0714199990034103,0.0714199990034103,18173
Arcona USD,ARCONA-USD,2023-06-25,0.0714140012860298,0.0727469995617866,0.0690840035676956,0.0696519985795021,0.0696519985795021,20042
Arcona USD,ARCONA-USD,2023-06-26,0.0696460008621215,0.0794890001416206,0.0692690014839172,0.0714460015296936,0.0714460015296936,23239
Arcona USD,ARCONA-USD,2023-06-27,0.0714560002088546,0.0723510012030601,0.0675090029835701,0.0698340013623237,0.0698340013623237,14169
Arcona USD,ARCONA-USD,2023-06-28,0.0698409974575042,0.0700199976563453,0.0660220012068748,0.0677480027079582,0.0677480027079582,18014
Arcona USD,ARCONA-USD,2023-06-29,0.0677480027079582,0.0687230005860328,0.0640430003404617,0.0672700032591819,0.0672700032591819,17643
Arcona USD,ARCONA-USD,2023-06-30,0.0672459974884986,0.0687989965081214,0.0620759986340999,0.068302996456623,0.068302996456623,18644
Arcona USD,ARCONA-USD,2023-07-01,0.0683040022850036,0.0693510025739669,0.0663169994950294,0.0677660033106803,0.0677660033106803,14944
Arcona USD,ARCONA-USD,2023-07-02,0.0692870020866394,0.0693250000476837,0.0632769986987114,0.0641549974679946,0.0641549974679946,16162
Arcona USD,ARCONA-USD,2023-07-03,0.0641650035977363,0.0669019967317581,0.0595839992165565,0.0661180019378662,0.0661180019378662,21371
Arcona USD,ARCONA-USD,2023-07-04,0.0664969980716705,0.0666299983859062,0.0590710006654262,0.059758998453617,0.059758998453617,19289
Arcona USD,ARCONA-USD,2023-07-05,0.0597679987549781,0.0600080005824565,0.057473000138998,0.0574950017035007,0.0574950017035007,14581
Arcona USD,ARCONA-USD,2023-07-06,0.0574820004403591,0.0646189972758293,0.0554980002343654,0.0618209987878799,0.0618209987878799,20832
Arcona USD,ARCONA-USD,2023-07-07,0.0618170015513896,0.0619079992175102,0.0546279996633529,0.0572689995169639,0.0572689995169639,13377
Arcona USD,ARCONA-USD,2023-07-08,0.0572719983756542,0.0590340010821819,0.0559680014848709,0.0588859990239143,0.0588859990239143,15920
Arcona USD,ARCONA-USD,2023-07-09,0.0588890016078949,0.0593010000884532,0.0539439991116523,0.0578540004789829,0.0578540004789829,17522
Arcona USD,ARCONA-USD,2023-07-10,0.0578549988567829,0.0589860007166862,0.0561719983816146,0.0582999996840953,0.0582999996840953,10790
Arcona USD,ARCONA-USD,2023-07-11,0.0582999996840953,0.0586870014667511,0.0552969984710216,0.0560390017926692,0.0560390017926692,16760
Arcona USD,ARCONA-USD,2023-07-12,0.0560330003499984,0.0682509988546371,0.0544909983873367,0.067279003560543,0.067279003560543,17813
Arcona USD,ARCONA-USD,2023-07-13,0.0672769993543624,0.0793109983205795,0.058143001049757,0.0628079995512962,0.0628079995512962,25692
Arcona USD,ARCONA-USD,2023-07-14,0.0628269985318183,0.0657399967312812,0.0600650012493133,0.0657399967312812,0.0657399967312812,17786
Arcona USD,ARCONA-USD,2023-07-15,0.0657460018992424,0.0665080025792121,0.0567299984395504,0.0662340000271797,0.0662340000271797,19785
Arcona USD,ARCONA-USD,2023-07-16,0.0662389993667602,0.0731350034475326,0.0658349990844726,0.0677969977259635,0.0677969977259635,13832
Arcona USD,ARCONA-USD,2023-07-17,0.0677819997072219,0.0747110024094581,0.0628440007567405,0.0641169995069503,0.0641169995069503,20891
Arcona USD,ARCONA-USD,2023-07-18,0.0641039982438087,0.069022998213768,0.0640060007572174,0.0641100034117698,0.0641100034117698,20124
Arcona USD,ARCONA-USD,2023-07-19,0.0641010031104087,0.0641029998660087,0.0609529986977577,0.0618509985506534,0.0618509985506534,17448
Arcona USD,ARCONA-USD,2023-07-20,0.0618439987301826,0.0620739981532096,0.0558449998497962,0.0560909993946552,0.0560909993946552,18768
Arcona USD,ARCONA-USD,2023-07-21,0.0560869984328746,0.0599739998579025,0.0560039989650249,0.0588379986584186,0.0588379986584186,19583
Arcona USD,ARCONA-USD,2023-07-22,0.058823000639677,0.0597390010952949,0.0539689995348453,0.0563890002667903,0.0563890002667903,18023
Arcona USD,ARCONA-USD,2023-07-23,0.0563899986445903,0.0610820017755031,0.0537150017917156,0.0542169995605945,0.0542169995605945,18014
Arcona USD,ARCONA-USD,2023-07-24,0.0542050004005432,0.0545429997146129,0.0513800010085105,0.0538979992270469,0.0538979992270469,13733
Arcona USD,ARCONA-USD,2023-07-25,0.0539029985666275,0.0541209988296031,0.0485920011997222,0.048624999821186,0.048624999821186,11791
Arcona USD,ARCONA-USD,2023-07-26,0.0486540012061595,0.0539789982140064,0.0485720001161098,0.0538499988615512,0.0538499988615512,14653
Arcona USD,ARCONA-USD,2023-07-27,0.0538530014455318,0.0546320006251335,0.0479630008339881,0.0497919991612434,0.0497919991612434,15634
Arcona USD,ARCONA-USD,2023-07-28,0.0497980006039142,0.0567869991064071,0.0497919991612434,0.0550960004329681,0.0550960004329681,18210
Arcona USD,ARCONA-USD,2023-07-29,0.0550919994711875,0.0552209988236427,0.050170999020338,0.0510660000145435,0.0510660000145435,17887
Arcona USD,ARCONA-USD,2023-07-30,0.0510720014572143,0.0510899983346462,0.0495029985904693,0.0496420003473758,0.0496420003473758,15268
Arcona USD,ARCONA-USD,2023-07-31,0.0496320016682148,0.051426000893116,0.0492269992828369,0.0494699999690055,0.0494699999690055,16570
Arcona USD,ARCONA-USD,2023-08-01,0.0494600012898445,0.0496979989111423,0.0456620007753372,0.0491469986736774,0.0491469986736774,14774
Arcona USD,ARCONA-USD,2023-08-02,0.0491559989750385,0.0497299991548061,0.0476879999041557,0.0479670017957687,0.0479670017957687,9462
Arcona USD,ARCONA-USD,2023-08-03,0.0479689985513687,0.0487679988145828,0.0454280003905296,0.0459530018270015,0.0459530018270015,14225
Arcona USD,ARCONA-USD,2023-08-04,0.0459459982812404,0.0501779988408088,0.0453029982745647,0.0493750013411045,0.0493750013411045,14488
Arcona USD,ARCONA-USD,2023-08-05,0.0493750013411045,0.057048000395298,0.048454001545906,0.0569790005683898,0.0569790005683898,16592
Arcona USD,ARCONA-USD,2023-08-06,0.0569939985871315,0.0600709989666938,0.046714000403881,0.0473579987883567,0.0473579987883567,16523
Arcona USD,ARCONA-USD,2023-08-07,0.0473559983074665,0.0584350004792213,0.0460180006921291,0.04704400151968,0.04704400151968,19759
Arcona USD,ARCONA-USD,2023-08-08,0.0470359995961189,0.0606659986078739,0.0458870008587837,0.0489009991288185,0.0489009991288185,18986
Arcona USD,ARCONA-USD,2023-08-09,0.0488950014114379,0.0690149962902069,0.0462969988584518,0.0612800009548664,0.0612800009548664,20042
Arcona USD,ARCONA-USD,2023-08-10,0.0612629987299442,0.0683389976620674,0.0524599999189376,0.0639130026102066,0.0639130026102066,15460
Arcona USD,ARCONA-USD,2023-08-11,0.063910998404026,0.0639500021934509,0.0557500012218952,0.0625389963388443,0.0625389963388443,18334
Arcona USD,ARCONA-USD,2023-08-12,0.0625419989228248,0.0625419989228248,0.0479120016098022,0.061269000172615,0.061269000172615,17934
Arcona USD,ARCONA-USD,2023-08-13,0.0612609982490539,0.0643810033798217,0.0479089990258216,0.0637129992246627,0.0637129992246627,10445
Arcona USD,ARCONA-USD,2023-08-14,0.0637060031294822,0.0645430013537406,0.0505580008029937,0.0613990016281604,0.0613990016281604,19346
Arcona USD,ARCONA-USD,2023-08-15,0.0613920018076896,0.0617640018463134,0.0457310006022453,0.061634998768568,0.061634998768568,19871
Arcona USD,ARCONA-USD,2023-08-16,0.061634000390768,0.061684001237154,0.0449750013649463,0.060258999466896,0.060258999466896,36795
Arcona USD,ARCONA-USD,2023-08-17,0.060258001089096,0.0608039982616901,0.0455709993839263,0.0561730004847049,0.0561730004847049,19327
Arcona USD,ARCONA-USD,2023-08-18,0.0561719983816146,0.0565840005874633,0.0364539995789527,0.0425040014088153,0.0425040014088153,19701
Arcona USD,ARCONA-USD,2023-08-19,0.0425119996070861,0.0440649986267089,0.0417470000684261,0.0432620011270046,0.0432620011270046,13928
Arcona USD,ARCONA-USD,2023-08-20,0.0432679988443851,0.0466439984738826,0.0393900014460086,0.0443710014224052,0.0443710014224052,27390
Arcona USD,ARCONA-USD,2023-08-21,0.0443729981780052,0.0470689982175827,0.0406799986958503,0.0469180010259151,0.0469180010259151,11424
Arcona USD,ARCONA-USD,2023-08-22,0.0469169989228248,0.0494309999048709,0.0424120016396045,0.0425879992544651,0.0425879992544651,12120
Arcona USD,ARCONA-USD,2023-08-23,0.0425949990749359,0.0585240013897419,0.0393990017473697,0.0583010017871856,0.0583010017871856,19568
Arcona USD,ARCONA-USD,2023-08-24,0.0583080016076564,0.0594960004091262,0.0438020005822181,0.055672999471426,0.055672999471426,15709
Arcona USD,ARCONA-USD,2023-08-25,0.0556639991700649,0.0557719990611076,0.050340000540018,0.0528939999639987,0.0528939999639987,13571
Arcona USD,ARCONA-USD,2023-08-26,0.0528939999639987,0.0545759983360767,0.0422689989209175,0.0544349998235702,0.0544349998235702,17926
Arcona USD,ARCONA-USD,2023-08-27,0.0544349998235702,0.0562039986252784,0.0441639982163906,0.0511070005595684,0.0511070005595684,18230
Arcona USD,ARCONA-USD,2023-08-28,0.0511070005595684,0.0547510012984275,0.0425300002098083,0.0535020008683204,0.0535020008683204,11761
Arcona USD,ARCONA-USD,2023-08-29,0.0534880012273788,0.06317800283432,0.0413689985871315,0.0627209991216659,0.0627209991216659,15733
Arcona USD,ARCONA-USD,2023-08-30,0.0627190023660659,0.0627849996089935,0.0422200001776218,0.0571210011839866,0.0571210011839866,17341
Arcona USD,ARCONA-USD,2023-08-31,0.0571160018444061,0.0571160018444061,0.047410000115633,0.0478979982435703,0.0478979982435703,16409
Arcona USD,ARCONA-USD,2023-09-01,0.047920998185873,0.047920998185873,0.0404330007731914,0.0410399995744228,0.0410399995744228,21640
Arcona USD,ARCONA-USD,2023-09-02,0.0410420000553131,0.0509230010211467,0.0406799986958503,0.049600999802351,0.049600999802351,22718
Arcona USD,ARCONA-USD,2023-09-03,0.0496059991419315,0.0496070012450218,0.0401760004460811,0.0433919988572597,0.0433919988572597,17803
Arcona USD,ARCONA-USD,2023-09-04,0.0433910004794597,0.0586379989981651,0.0387170016765594,0.0576100014150142,0.0576100014150142,20642
Arcona USD,ARCONA-USD,2023-09-05,0.0576069988310337,0.0590949989855289,0.0526559986174106,0.0588059984147548,0.0588059984147548,19517
Arcona USD,ARCONA-USD,2023-09-06,0.0588070005178451,0.0601879991590976,0.0585389994084835,0.0591210015118122,0.0591210015118122,17074
Arcona USD,ARCONA-USD,2023-09-07,0.0591219998896122,0.0594520010054111,0.0584690012037754,0.0593390017747879,0.0593390017747879,17503
Arcona USD,ARCONA-USD,2023-09-08,0.0593400001525878,0.0596540011465549,0.0577979981899261,0.0586190000176429,0.0586190000176429,18256
Arcona USD,ARCONA-USD,2023-09-09,0.0586190000176429,0.0587089993059635,0.0516339987516403,0.0518370009958744,0.0518370009958744,14319
Arcona USD,ARCONA-USD,2023-09-10,0.0518359988927841,0.0518699996173381,0.040947999805212,0.0482649989426136,0.0482649989426136,22043
Arcona USD,ARCONA-USD,2023-09-11,0.0482649989426136,0.0482829995453357,0.0392230004072189,0.0413650013506412,0.0413650013506412,17263
Arcona USD,ARCONA-USD,2023-09-12,0.0413670018315315,0.0465929992496967,0.0347380004823207,0.0420290008187294,0.0420290008187294,14630
Arcona USD,ARCONA-USD,2023-09-13,0.0420290008187294,0.0422459989786148,0.0344719998538494,0.0407259985804557,0.0407259985804557,16019
Arcona USD,ARCONA-USD,2023-09-14,0.0407295078039169,0.0414133034646511,0.0341841056942939,0.0380742400884628,0.0380742400884628,16712
Arcona USD,ARCONA-USD,2023-09-15,0.0379417575895786,0.0414285920560359,0.0355583317577838,0.037594299763441,0.037594299763441,18877
Arcona USD,ARCONA-USD,2023-09-16,0.0352329201996326,0.0420792140066623,0.0352245047688484,0.038892988115549,0.038892988115549,10164
Arcona USD,ARCONA-USD,2023-09-17,0.0365675874054431,0.0410449020564556,0.0362872593104839,0.0383789166808128,0.0383789166808128,11418
Arcona USD,ARCONA-USD,2023-09-18,0.0373006537556648,0.0375849641859531,0.0354561768472194,0.0374631583690643,0.0374631583690643,7609
Arcona USD,ARCONA-USD,2023-09-19,0.0374768897891044,0.0443448759615421,0.0368496216833591,0.0415704995393753,0.0415704995393753,9122
Arcona USD,ARCONA-USD,2023-09-20,0.0415711104869842,0.0417014248669147,0.0338209606707096,0.035699788480997,0.035699788480997,14775
Arcona USD,ARCONA-USD,2023-09-21,0.0356804504990577,0.0417807698249816,0.0336599722504615,0.0407875590026378,0.0407875590026378,15403
Arcona USD,ARCONA-USD,2023-09-24,0.0428648069500923,0.0431702360510826,0.0428419709205627,0.0431120619177818,0.0431120619177818,15057
Arcona USD,ARCONA-USD,2023-09-22,0.0407159999012947,0.0433650016784668,0.0333410017192363,0.0432039983570575,0.0432039983570575,13800
Arcona USD,ARCONA-USD,2023-09-23,0.0432039983570575,0.0432039983570575,0.0335839986801147,0.0428650006651878,0.0428650006651878,15485
Arcona USD,ARCONA-USD,2023-09-25,0.0416828393936157,0.0432670153677463,0.0316084362566471,0.0430483967065811,0.0430483967065811,17889
Arcona USD,ARCONA-USD,2023-09-26,0.0430887080729007,0.0433030538260936,0.0361941121518611,0.0418156348168849,0.0418156348168849,15221
Arcona USD,ARCONA-USD,2023-09-27,0.0418554879724979,0.04361317679286,0.033270638436079,0.0430389754474163,0.0430389754474163,11736
Arcona USD,ARCONA-USD,2023-09-28,0.0358564592897892,0.0443386100232601,0.0335735604166984,0.0336692333221435,0.0336692333221435,17882
Arcona USD,ARCONA-USD,2023-09-29,0.0426908135414123,0.0454378649592399,0.0331821776926517,0.0453899055719375,0.0453899055719375,16954
Arcona USD,ARCONA-USD,2023-09-30,0.0454125106334686,0.0456891804933548,0.0333409719169139,0.0448212809860706,0.0448212809860706,16115
Arcona USD,ARCONA-USD,2023-10-01,0.044737622141838,0.0452621094882488,0.0338304601609706,0.0351356491446495,0.0351356491446495,20298
Arcona USD,ARCONA-USD,2023-10-02,0.0325106903910636,0.0421423390507698,0.032483335584402,0.0401486307382583,0.0401486307382583,17878
Arcona USD,ARCONA-USD,2023-10-03,0.0402401834726333,0.0405101552605629,0.0308296550065279,0.0370075814425945,0.0370075814425945,12059
Arcona USD,ARCONA-USD,2023-10-04,0.0371170006692409,0.0371170006692409,0.0322239995002746,0.0343430005013942,0.0343430005013942,16154
Arcona USD,ARCONA-USD,2023-10-05,0.0343454219400882,0.0344548150897026,0.033165406435728,0.0331679247319698,0.0331679247319698,14828
Arcona USD,ARCONA-USD,2023-10-06,0.0316539965569973,0.0321389213204383,0.0299790035933256,0.0301233027130365,0.0301233027130365,13366
Arcona USD,ARCONA-USD,2023-10-07,0.0302247125655412,0.030321791768074,0.0284796748310327,0.0284796748310327,0.0284796748310327,18022
Arcona USD,ARCONA-USD,2023-10-08,0.0280478224158287,0.0290823299437761,0.0259794201701879,0.0267421808093786,0.0267421808093786,22893
Arcona USD,ARCONA-USD,2023-10-09,0.0234300680458545,0.0246213171631097,0.0234121214598417,0.024619510397315,0.024619510397315,11855
Arcona USD,ARCONA-USD,2023-10-10,0.0248653646558523,0.0250719916075468,0.0214896406978368,0.0221011657267808,0.0221011657267808,13455
Arcona USD,ARCONA-USD,2023-10-11,0.0217679627239704,0.0241825506091117,0.0204895976930856,0.0209324918687343,0.0209324918687343,28105
Arcona USD,ARCONA-USD,2023-10-12,0.0203315839171409,0.0205313395708799,0.0183661002665758,0.0183856207877397,0.0183856207877397,25280
Arcona USD,ARCONA-USD,2023-10-14,0.0187573451548814,0.0370015986263752,0.0170185975730419,0.0369716845452785,0.0369716845452785,38483
Arcona USD,ARCONA-USD,2023-10-13,0.0187570005655288,0.0370130017399787,0.0170169994235038,0.0267760008573532,0.0267760008573532,38818
Arcona USD,ARCONA-USD,2023-10-15,0.0264840722084045,0.0291957557201385,0.0222039744257926,0.0223011635243892,0.0223011635243892,4104
Arcona USD,ARCONA-USD,2023-10-16,0.0254868865013122,0.0313406065106391,0.0243125651031732,0.02433567866683,0.02433567866683,7330
Arcona USD,ARCONA-USD,2023-10-17,0.023359389975667,0.0293554663658142,0.0217248257249593,0.0242669638246297,0.0242669638246297,4095
Arcona USD,ARCONA-USD,2023-10-18,0.0242168270051479,0.0340341590344905,0.0241505932062864,0.0298272129148244,0.0298272129148244,4500
Arcona USD,ARCONA-USD,2023-10-19,0.0298831798136234,0.0307218953967094,0.028210824355483,0.0286907013505697,0.0286907013505697,3227
Arcona USD,ARCONA-USD,2023-10-20,0.0339942649006843,0.0362481884658336,0.0273075997829437,0.0362265296280384,0.0362265296280384,10087
Arcona USD,ARCONA-USD,2023-10-21,0.0361538007855415,0.0362352579832077,0.0259201433509588,0.0266288444399833,0.0266288444399833,14732
Arcona USD,ARCONA-USD,2023-10-22,0.0265752393752336,0.036303024739027,0.0262028109282255,0.0352879464626312,0.0352879464626312,13526
Arcona USD,ARCONA-USD,2023-10-23,0.035849392414093,0.0371915884315967,0.0288785435259342,0.0367410145699977,0.0367410145699977,12593
Arcona USD,ARCONA-USD,2023-10-24,0.0377388559281826,0.03943197801709175,0.034579504281282425,0.037555694580078125,0.037555694580078125,18987
